unitest0:41,43,44,46,44,46,44,46,44,46,44,45,47,32,51,53,
unitest1:41,43,44,46,44,46,44,46,44,46,44,45,47,32,51,54,55,56,62,41,43,44,45,47,32,51,53,55,56,62,41,43,44,46,44,45,47,32,51,53,55,56,62,41,43,44,46,44,46,44,45,47,32,51,53,55,56,62,41,43,44,45,47,32,51,54,55,56,62,41,43,44,45,47,32,51,53,55,56,62,41,43,44,45,47,32,51,53,55,56,62,41,43,44,45,47,32,51,53,55,56,62,41,43,44,45,47,32,51,53,55,56,57,59,61,55,56,62,41,43,44,45,47,32,51,54,55,63,55,56,57,59,61,55,56,62,41,43,44,46,44,45,47,32,51,54,55,63,55,56,57,59,61,55,56,62,41,43,44,45,47,32,51,54,55,56,62,55,56,57,59,61,55,56,62,41,43,44,45,47,32,51,54,55,63,55,56,62,55,63,55,56,57,59,61,55,63,55,56,57,59,61,
unitest2:41,43,44,45,47,32,51,53,
unitest3:41,43,44,46,44,45,47,32,51,53,
unitest4:41,43,44,46,44,46,44,46,44,46,44,45,47,32,51,53,
unitest5:41,43,44,45,47,32,51,54,55,56,62,41,43,44,45,47,32,51,53,55,56,62,41,43,44,46,44,45,47,32,51,53,55,56,62,41,43,44,46,44,46,44,45,47,32,51,53,55,56,62,41,43,44,45,47,32,51,54,55,56,62,41,43,44,45,47,32,51,53,55,56,62,41,43,44,45,47,32,51,53,55,56,62,41,43,44,45,47,32,51,53,55,56,62,41,43,44,45,47,32,51,53,55,56,57,59,61,55,56,62,41,43,44,45,47,32,51,54,55,63,55,56,57,59,61,55,56,62,41,43,44,46,44,45,47,32,51,54,55,63,55,56,57,59,61,55,56,62,41,43,44,45,47,32,51,54,55,56,62,55,56,57,59,61,55,56,62,41,43,44,45,47,32,51,54,55,63,55,56,62,55,63,55,56,57,59,61,55,63,55,56,57,59,61,
unitest6:41,43,44,46,44,45,47,32,51,54,55,56,62,41,43,44,45,47,32,51,53,55,56,62,41,43,44,46,44,45,47,32,51,53,55,56,62,41,43,44,46,44,46,44,45,47,32,51,53,55,56,62,41,43,44,45,47,32,51,54,55,56,62,41,43,44,45,47,32,51,53,55,56,62,41,43,44,45,47,32,51,53,55,56,62,41,43,44,45,47,32,51,53,55,56,62,41,43,44,45,47,32,51,53,55,56,57,59,61,55,56,62,41,43,44,45,47,32,51,54,55,63,55,56,57,59,61,55,56,62,41,43,44,46,44,45,47,32,51,54,55,63,55,56,57,59,61,55,56,62,41,43,44,45,47,32,51,54,55,56,62,55,56,57,59,61,55,56,62,41,43,44,45,47,32,51,54,55,63,55,56,62,55,63,55,56,57,59,61,55,63,55,56,57,59,61,
unitest7:41,43,44,46,44,46,44,46,44,46,44,45,47,32,51,54,55,56,62,41,43,44,45,47,32,51,53,55,56,62,41,43,44,46,44,45,47,32,51,53,55,56,62,41,43,44,46,44,46,44,45,47,32,51,53,55,56,62,41,43,44,45,47,32,51,54,55,56,62,41,43,44,45,47,32,51,53,55,56,62,41,43,44,45,47,32,51,53,55,56,62,41,43,44,45,47,32,51,53,55,56,62,41,43,44,45,47,32,51,53,55,56,57,59,61,55,56,62,41,43,44,45,47,32,51,54,55,63,55,56,57,59,61,55,56,62,41,43,44,46,44,45,47,32,51,54,55,63,55,56,57,59,61,55,56,62,41,43,44,45,47,32,51,54,55,56,62,55,56,57,59,61,55,56,62,41,43,44,45,47,32,51,54,55,63,55,56,62,55,63,55,56,57,59,61,55,63,55,56,57,59,61,
unitest8:41,43,44,45,47,32,51,53,
unitest9:41,43,44,46,44,45,47,32,51,53,
unitest10:41,43,44,46,44,46,44,46,44,46,44,45,47,32,51,53,
unitest11:41,43,44,45,47,32,51,54,55,56,62,41,43,44,45,47,32,51,53,55,56,62,41,43,44,46,44,45,47,32,51,53,55,56,62,41,43,44,46,44,46,44,45,47,32,51,53,55,56,62,41,43,44,45,47,32,51,54,55,56,62,41,43,44,45,47,32,51,53,55,56,62,41,43,44,45,47,32,51,53,55,56,62,41,43,44,45,47,32,51,53,55,56,62,41,43,44,45,47,32,51,53,55,56,57,59,61,55,56,62,41,43,44,45,47,32,51,54,55,63,55,56,57,59,61,55,56,62,41,43,44,46,44,45,47,32,51,54,55,63,55,56,57,59,61,55,56,62,41,43,44,45,47,32,51,54,55,56,62,55,56,57,59,61,55,56,62,41,43,44,45,47,32,51,54,55,63,55,56,62,55,63,55,56,57,59,61,55,63,55,56,57,59,61,
unitest12:41,43,44,46,44,45,47,32,51,54,55,56,62,41,43,44,45,47,32,51,53,55,56,62,41,43,44,46,44,45,47,32,51,53,55,56,62,41,43,44,46,44,46,44,45,47,32,51,53,55,56,62,41,43,44,45,47,32,51,54,55,56,62,41,43,44,45,47,32,51,53,55,56,62,41,43,44,45,47,32,51,53,55,56,62,41,43,44,45,47,32,51,53,55,56,62,41,43,44,45,47,32,51,53,55,56,57,59,61,55,56,62,41,43,44,45,47,32,51,54,55,63,55,56,57,59,61,55,56,62,41,43,44,46,44,45,47,32,51,54,55,63,55,56,57,59,61,55,56,62,41,43,44,45,47,32,51,54,55,56,62,55,56,57,59,61,55,56,62,41,43,44,45,47,32,51,54,55,63,55,56,62,55,63,55,56,57,59,61,55,63,55,56,57,59,61,
unitest13:41,43,44,46,44,46,44,46,44,46,44,45,47,32,51,54,55,56,62,41,43,44,45,47,32,51,53,55,56,62,41,43,44,46,44,45,47,32,51,53,55,56,62,41,43,44,46,44,46,44,45,47,32,51,53,55,56,62,41,43,44,45,47,32,51,54,55,56,62,41,43,44,45,47,32,51,53,55,56,62,41,43,44,45,47,32,51,53,55,56,62,41,43,44,45,47,32,51,53,55,56,62,41,43,44,45,47,32,51,53,55,56,57,59,61,55,56,62,41,43,44,45,47,32,51,54,55,63,55,56,57,59,61,55,56,62,41,43,44,46,44,45,47,32,51,54,55,63,55,56,57,59,61,55,56,62,41,43,44,45,47,32,51,54,55,56,62,55,56,57,59,61,55,56,62,41,43,44,45,47,32,51,54,55,63,55,56,62,55,63,55,56,57,59,61,55,63,55,56,57,59,61,
unitest14:41,43,44,46,44,46,44,46,44,46,44,45,47,32,51,54,55,56,62,41,43,44,45,47,32,51,53,55,56,62,41,43,44,46,44,45,47,32,51,53,55,56,62,41,43,44,46,44,46,44,45,47,32,51,53,55,56,62,41,43,44,45,47,32,51,54,55,56,62,41,43,44,45,47,32,51,53,55,56,62,41,43,44,45,47,32,51,53,55,56,62,41,43,44,45,47,32,51,53,55,56,62,41,43,44,45,47,32,51,53,55,56,57,59,61,55,56,62,41,43,44,45,47,32,51,54,55,63,55,56,57,59,61,55,56,62,41,43,44,46,44,45,47,32,51,54,55,63,55,56,57,59,61,55,56,62,41,43,44,45,47,32,51,54,55,56,62,55,56,57,59,61,55,56,62,41,43,44,45,47,32,51,54,55,63,55,56,62,55,63,55,56,57,59,61,55,63,55,56,57,59,61,
unitest15:41,43,44,46,44,46,44,46,44,46,44,45,47,32,51,54,55,56,62,41,43,44,45,47,32,51,53,55,56,62,41,43,44,46,44,45,47,32,51,53,55,56,62,41,43,44,46,44,46,44,45,47,32,51,53,55,56,62,41,43,44,45,47,32,51,54,55,56,62,41,43,44,45,47,32,51,53,55,56,62,41,43,44,45,47,32,51,53,55,56,62,41,43,44,45,47,32,51,53,55,56,62,41,43,44,45,47,32,51,53,55,56,57,59,61,55,56,62,41,43,44,45,47,32,51,54,55,63,55,56,57,59,61,55,56,62,41,43,44,46,44,45,47,32,51,54,55,63,55,56,57,59,61,55,56,62,41,43,44,45,47,32,51,54,55,56,62,55,56,57,59,61,55,56,62,41,43,44,45,47,32,51,54,55,63,55,56,62,55,63,55,56,57,59,61,55,63,55,56,57,59,61,
unitest16:41,43,44,46,44,46,44,46,44,46,44,45,47,32,51,54,55,56,62,41,43,44,45,47,32,51,53,55,56,62,41,43,44,46,44,45,47,32,51,53,55,56,62,41,43,44,46,44,46,44,45,47,32,51,53,55,56,62,41,43,44,45,47,32,51,54,55,56,62,41,43,44,45,47,32,51,53,55,56,62,41,43,44,45,47,32,51,53,55,56,62,41,43,44,45,47,32,51,53,55,56,62,41,43,44,45,47,32,51,53,55,56,57,59,61,55,56,62,41,43,44,45,47,32,51,54,55,63,55,56,57,59,61,55,56,62,41,43,44,46,44,45,47,32,51,54,55,63,55,56,57,59,61,55,56,62,41,43,44,45,47,32,51,54,55,56,62,55,56,57,59,61,55,56,62,41,43,44,45,47,32,51,54,55,63,55,56,62,55,63,55,56,57,59,61,55,63,55,56,57,59,61,
unitest17:41,43,44,46,44,46,44,46,44,46,44,45,47,32,51,54,55,56,62,41,43,44,45,47,32,51,53,55,56,62,41,43,44,46,44,45,47,32,51,53,55,56,62,41,43,44,46,44,46,44,45,47,32,51,53,55,56,62,41,43,44,45,47,32,51,54,55,56,62,41,43,44,45,47,32,51,53,55,56,62,41,43,44,45,47,32,51,53,55,56,62,41,43,44,45,47,32,51,53,55,56,62,41,43,44,45,47,32,51,53,55,56,57,59,61,55,56,62,41,43,44,45,47,32,51,54,55,63,55,56,57,59,61,55,56,62,41,43,44,46,44,45,47,32,51,54,55,63,55,56,57,59,61,55,56,62,41,43,44,45,47,32,51,54,55,56,62,55,56,57,59,61,55,56,62,41,43,44,45,47,32,51,54,55,63,55,56,62,55,63,55,56,57,59,61,55,63,55,56,57,59,61,
unitest18:41,43,44,46,44,46,44,46,44,46,44,45,47,32,51,54,55,56,62,41,43,44,45,47,32,51,53,55,56,62,41,43,44,46,44,45,47,32,51,53,55,56,62,41,43,44,46,44,46,44,45,47,32,51,53,55,56,62,41,43,44,45,47,32,51,54,55,56,62,41,43,44,45,47,32,51,53,55,56,62,41,43,44,45,47,32,51,53,55,56,62,41,43,44,45,47,32,51,53,55,56,62,41,43,44,45,47,32,51,53,55,56,57,59,61,55,56,62,41,43,44,45,47,32,51,54,55,63,55,56,57,59,61,55,56,62,41,43,44,46,44,45,47,32,51,54,55,63,55,56,57,59,61,55,56,62,41,43,44,45,47,32,51,54,55,56,62,55,56,57,59,61,55,56,62,41,43,44,45,47,32,51,54,55,63,55,56,62,55,63,55,56,57,59,61,55,63,55,56,57,59,61,
unitest19:41,43,44,46,44,46,44,46,44,46,44,45,47,32,51,54,55,56,62,41,43,44,45,47,32,51,53,55,56,62,41,43,44,46,44,45,47,32,51,53,55,56,62,41,43,44,46,44,46,44,45,47,32,51,53,55,56,62,41,43,44,45,47,32,51,54,55,56,62,41,43,44,45,47,32,51,53,55,56,62,41,43,44,45,47,32,51,53,55,56,62,41,43,44,45,47,32,51,53,55,56,62,41,43,44,45,47,32,51,53,55,56,57,59,61,55,56,62,41,43,44,45,47,32,51,54,55,63,55,56,57,59,61,55,56,62,41,43,44,46,44,45,47,32,51,54,55,63,55,56,57,59,61,55,56,62,41,43,44,45,47,32,51,54,55,56,62,55,56,57,59,61,55,56,62,41,43,44,45,47,32,51,54,55,63,55,56,62,55,63,55,56,57,59,61,55,63,55,56,57,59,61,
unitest20:41,43,44,46,44,46,44,46,44,46,44,45,47,32,51,54,55,56,62,41,43,44,45,47,32,51,53,55,56,62,41,43,44,46,44,45,47,32,51,53,55,56,62,41,43,44,46,44,46,44,45,47,32,51,53,55,56,62,41,43,44,45,47,32,51,54,55,56,62,41,43,44,45,47,32,51,53,55,56,62,41,43,44,45,47,32,51,53,55,56,62,41,43,44,45,47,32,51,53,55,56,62,41,43,44,45,47,32,51,53,55,56,57,59,61,55,56,62,41,43,44,45,47,32,51,54,55,63,55,56,57,59,61,55,56,62,41,43,44,46,44,45,47,32,51,54,55,63,55,56,57,59,61,55,56,62,41,43,44,45,47,32,51,54,55,56,62,55,56,57,59,61,55,56,62,41,43,44,45,47,32,51,54,55,63,55,56,62,55,63,55,56,57,59,61,55,63,55,56,57,59,61,
unitest21:41,43,44,46,44,46,44,46,44,46,44,45,47,32,51,54,55,56,62,41,43,44,45,47,32,51,53,55,56,62,41,43,44,46,44,45,47,32,51,53,55,56,62,41,43,44,46,44,46,44,45,47,32,51,53,55,56,62,41,43,44,45,47,32,51,54,55,56,62,41,43,44,45,47,32,51,53,55,56,62,41,43,44,45,47,32,51,53,55,56,62,41,43,44,45,47,32,51,53,55,56,62,41,43,44,45,47,32,51,53,55,56,57,59,61,55,56,62,41,43,44,45,47,32,51,54,55,63,55,56,57,59,61,55,56,62,41,43,44,46,44,45,47,32,51,54,55,63,55,56,57,59,61,55,56,62,41,43,44,45,47,32,51,54,55,56,62,55,56,57,59,61,55,56,62,41,43,44,45,47,32,51,54,55,63,55,56,62,55,63,55,56,57,59,61,55,63,55,56,57,59,61,
unitest22:41,43,44,46,44,46,44,46,44,46,44,45,47,32,51,54,55,56,62,41,43,44,45,47,32,51,53,55,56,62,41,43,44,46,44,45,47,32,51,53,55,56,62,41,43,44,46,44,46,44,45,47,32,51,53,55,56,62,41,43,44,45,47,32,51,54,55,56,62,41,43,44,45,47,32,51,53,55,56,62,41,43,44,45,47,32,51,53,55,56,62,41,43,44,45,47,32,51,53,55,56,62,41,43,44,45,47,32,51,53,55,56,57,59,61,55,56,62,41,43,44,45,47,32,51,54,55,63,55,56,57,59,61,55,56,62,41,43,44,46,44,45,47,32,51,54,55,63,55,56,57,59,61,55,56,62,41,43,44,45,47,32,51,54,55,56,62,55,56,57,59,61,55,56,62,41,43,44,45,47,32,51,54,55,63,55,56,62,55,63,55,56,57,59,61,55,63,55,56,57,59,61,
unitest23:41,43,44,46,44,46,44,46,44,46,44,45,47,32,51,54,55,56,62,41,43,44,45,47,32,51,53,55,56,62,41,43,44,46,44,45,47,32,51,53,55,56,62,41,43,44,46,44,46,44,45,47,32,51,53,55,56,62,41,43,44,45,47,32,51,54,55,56,62,41,43,44,45,47,32,51,53,55,56,62,41,43,44,45,47,32,51,53,55,56,62,41,43,44,45,47,32,51,53,55,56,62,41,43,44,45,47,32,51,53,55,56,57,59,61,55,56,62,41,43,44,45,47,32,51,54,55,63,55,56,57,59,61,55,56,62,41,43,44,46,44,45,47,32,51,54,55,63,55,56,57,59,61,55,56,62,41,43,44,45,47,32,51,54,55,56,62,55,56,57,59,61,55,56,62,41,43,44,45,47,32,51,54,55,63,55,56,62,55,63,55,56,57,59,61,55,63,55,56,57,59,61,
unitest24:41,43,44,46,44,46,44,46,44,46,44,45,47,32,51,54,55,56,62,41,43,44,45,47,32,51,53,55,56,62,41,43,44,46,44,45,47,32,51,53,55,56,62,41,43,44,46,44,46,44,45,47,32,51,53,55,56,62,41,43,44,45,47,32,51,54,55,56,62,41,43,44,45,47,32,51,53,55,56,62,41,43,44,45,47,32,51,53,55,56,62,41,43,44,45,47,32,51,53,55,56,62,41,43,44,45,47,32,51,53,55,56,57,59,61,55,56,62,41,43,44,45,47,32,51,54,55,63,55,56,57,59,61,55,56,62,41,43,44,46,44,45,47,32,51,54,55,63,55,56,57,59,61,55,56,62,41,43,44,45,47,32,51,54,55,56,62,55,56,57,59,61,55,56,62,41,43,44,45,47,32,51,54,55,63,55,56,62,55,63,55,56,57,59,61,55,63,55,56,57,59,61,
unitest25:41,43,44,46,44,46,44,46,44,46,44,45,47,32,51,54,55,56,62,41,43,44,45,47,32,51,53,55,56,62,41,43,44,46,44,45,47,32,51,53,55,56,62,41,43,44,46,44,46,44,45,47,32,51,53,55,56,62,41,43,44,45,47,32,51,54,55,56,62,41,43,44,45,47,32,51,53,55,56,62,41,43,44,45,47,32,51,53,55,56,62,41,43,44,45,47,32,51,53,55,56,62,41,43,44,45,47,32,51,53,55,56,57,59,61,55,56,62,41,43,44,45,47,32,51,54,55,63,55,56,57,59,61,55,56,62,41,43,44,46,44,45,47,32,51,54,55,63,55,56,57,59,61,55,56,62,41,43,44,45,47,32,51,54,55,56,62,55,56,57,59,61,55,56,62,41,43,44,45,47,32,51,54,55,63,55,56,62,55,63,55,56,57,59,61,55,63,55,56,57,59,61,
unitest26:41,43,44,46,44,46,44,46,44,46,44,45,47,32,51,54,55,56,62,41,43,44,45,47,32,51,53,55,56,62,41,43,44,46,44,45,47,32,51,53,55,56,62,41,43,44,46,44,46,44,45,47,32,51,53,55,56,62,41,43,44,45,47,32,51,54,55,56,62,41,43,44,45,47,32,51,53,55,56,62,41,43,44,45,47,32,51,53,55,56,62,41,43,44,45,47,32,51,53,55,56,62,41,43,44,45,47,32,51,53,55,56,57,59,61,55,56,62,41,43,44,45,47,32,51,54,55,63,55,56,57,59,61,55,56,62,41,43,44,46,44,45,47,32,51,54,55,63,55,56,57,59,61,55,56,62,41,43,44,45,47,32,51,54,55,56,62,55,56,57,59,61,55,56,62,41,43,44,45,47,32,51,54,55,63,55,56,62,55,63,55,56,57,59,61,55,63,55,56,57,59,61,
unitest27:41,43,44,46,44,46,44,46,44,46,44,45,47,32,51,54,55,56,62,41,43,44,45,47,32,51,53,55,56,62,41,43,44,46,44,45,47,32,51,53,55,56,62,41,43,44,46,44,46,44,45,47,32,51,53,55,56,62,41,43,44,45,47,32,51,54,55,56,62,41,43,44,45,47,32,51,53,55,56,62,41,43,44,45,47,32,51,53,55,56,62,41,43,44,45,47,32,51,53,55,56,62,41,43,44,45,47,32,51,53,55,56,57,59,61,55,56,62,41,43,44,45,47,32,51,54,55,63,55,56,57,59,61,55,56,62,41,43,44,46,44,45,47,32,51,54,55,63,55,56,57,59,61,55,56,62,41,43,44,45,47,32,51,54,55,56,62,55,56,57,59,61,55,56,62,41,43,44,45,47,32,51,54,55,63,55,56,62,55,63,55,56,57,59,61,55,63,55,56,57,59,61,
unitest28:41,43,44,46,44,45,47,32,51,54,55,56,57,59,61,
unitest29:41,43,44,46,44,46,44,46,44,46,44,45,47,32,51,54,55,56,62,41,43,44,45,47,32,51,53,55,56,62,41,43,44,46,44,45,47,32,51,53,55,56,62,41,43,44,46,44,46,44,45,47,32,51,53,55,56,62,41,43,44,45,47,32,51,54,55,56,62,41,43,44,45,47,32,51,53,55,56,62,41,43,44,45,47,32,51,53,55,56,62,41,43,44,45,47,32,51,53,55,56,62,41,43,44,45,47,32,51,53,55,56,57,59,61,55,56,62,41,43,44,45,47,32,51,54,55,63,55,56,57,59,61,55,56,62,41,43,44,46,44,45,47,32,51,54,55,63,55,56,57,59,61,55,56,62,41,43,44,45,47,32,51,54,55,56,62,55,56,57,59,61,55,56,62,41,43,44,45,47,32,51,54,55,63,55,56,62,55,63,55,56,57,59,61,55,56,57,59,61,
unitest30:41,43,44,46,44,45,47,32,51,54,55,63,55,56,57,59,61,
unitest31:41,43,44,46,44,46,44,46,44,46,44,45,47,32,51,54,55,56,62,41,43,44,45,47,32,51,53,55,56,62,41,43,44,46,44,45,47,32,51,53,55,56,62,41,43,44,46,44,46,44,45,47,32,51,53,55,63,55,56,62,41,43,44,45,47,32,51,54,55,56,62,41,43,44,45,47,32,51,53,55,56,62,41,43,44,45,47,32,51,53,55,56,62,41,43,44,45,47,32,51,53,55,56,62,41,43,44,45,47,32,51,53,55,56,57,59,61,55,56,62,41,43,44,45,47,32,51,54,55,63,55,56,57,59,61,55,56,62,41,43,44,46,44,45,47,32,51,54,55,63,55,56,57,59,61,55,56,62,41,43,44,45,47,32,51,54,55,56,62,55,56,57,59,61,55,56,62,41,43,44,45,47,32,51,54,55,63,55,56,62,55,63,55,56,57,59,61,55,56,57,59,61,
unitest32:41,43,44,46,44,45,47,32,51,53,
unitest33:41,43,44,46,44,45,47,32,51,54,55,63,55,56,57,59,61,
unitest34:41,43,44,46,44,45,47,32,51,54,55,56,57,59,61,
unitest35:41,43,44,46,44,46,44,46,44,46,44,45,47,32,51,54,55,56,62,41,43,44,45,47,32,51,54,55,63,55,56,62,55,63,55,56,57,59,61,55,63,55,56,57,59,61,
unitest36:41,43,44,46,44,46,44,46,44,46,44,45,47,32,51,54,55,56,62,41,43,44,45,47,32,51,54,55,63,55,56,62,55,63,55,56,57,59,61,55,56,57,59,61,
unitest37:41,43,44,46,44,46,44,46,44,46,44,45,47,32,51,54,55,56,62,41,43,44,45,47,32,51,53,55,56,62,41,43,44,46,44,45,47,32,51,53,55,56,62,41,43,44,46,44,46,44,45,47,32,51,53,55,56,62,41,43,44,45,47,32,51,54,55,56,62,41,43,44,45,47,32,51,53,55,56,62,41,43,44,45,47,32,51,53,55,56,62,41,43,44,45,47,32,51,53,55,56,62,41,43,44,45,47,32,51,53,55,56,57,59,61,55,56,62,41,43,44,45,47,32,51,54,55,63,55,56,57,59,61,55,56,62,41,43,44,46,44,45,47,32,51,54,55,63,55,56,57,59,61,55,56,62,41,43,44,45,47,32,51,54,55,56,62,55,56,57,59,61,55,56,62,41,43,44,45,47,32,51,54,55,63,55,56,62,55,63,55,56,57,59,61,55,63,55,56,57,59,61,
unitest38:41,43,44,46,44,46,44,46,44,46,44,45,47,32,51,54,55,56,62,41,43,44,45,47,32,51,53,55,56,62,41,43,44,46,44,45,47,32,51,53,55,56,62,41,43,44,46,44,46,44,45,47,32,51,53,55,56,62,41,43,44,45,47,32,51,54,55,56,62,41,43,44,45,47,32,51,53,55,56,62,41,43,44,45,47,32,51,53,55,56,62,41,43,44,45,47,32,51,53,55,56,62,41,43,44,45,47,32,51,53,55,56,57,59,61,55,56,62,41,43,44,45,47,32,51,54,55,63,55,56,57,59,61,55,56,62,41,43,44,46,44,45,47,32,51,54,55,63,55,56,57,59,61,55,56,62,41,43,44,45,47,32,51,54,55,56,62,55,56,57,59,61,55,56,62,41,43,44,45,47,32,51,54,55,63,55,56,62,55,63,55,56,57,59,61,55,56,57,59,61,
unitest39:41,43,44,46,44,45,47,32,51,53,
unitest40:41,43,44,46,44,45,47,32,51,54,55,63,55,56,57,59,61,
unitest41:41,43,44,46,44,45,47,32,51,54,55,56,57,59,61,
unitest42:41,43,44,46,44,46,44,46,44,46,44,45,47,32,51,54,55,56,62,41,43,44,45,47,32,51,54,55,63,55,56,62,55,63,55,56,57,59,61,55,63,55,56,57,59,61,
unitest43:41,43,44,46,44,46,44,46,44,46,44,45,47,32,51,54,55,56,62,41,43,44,45,47,32,51,54,55,63,55,56,62,55,63,55,56,57,59,61,55,56,57,59,61,
unitest44:41,43,44,46,44,46,44,46,44,46,44,45,47,32,51,54,55,56,62,41,43,44,45,47,32,51,53,55,56,62,41,43,44,46,44,45,47,32,51,53,55,56,62,41,43,44,46,44,46,44,45,47,32,51,53,55,56,62,41,43,44,45,47,32,51,54,55,56,62,41,43,44,45,47,32,51,53,55,56,62,41,43,44,45,47,32,51,53,55,56,62,41,43,44,45,47,32,51,53,55,56,62,41,43,44,45,47,32,51,53,55,56,57,59,61,55,56,62,41,43,44,45,47,32,51,54,55,63,55,56,57,59,61,55,56,62,41,43,44,46,44,45,47,32,51,54,55,63,55,56,57,59,61,55,56,62,41,43,44,45,47,32,51,54,55,56,62,55,56,57,59,61,55,56,62,41,43,44,45,47,32,51,54,55,63,55,56,62,55,63,55,56,57,59,61,55,63,55,56,57,59,61,
unitest45:41,43,44,46,44,46,44,46,44,46,44,45,47,32,51,54,55,56,62,41,43,44,45,47,32,51,53,55,56,62,41,43,44,46,44,45,47,32,51,53,55,56,62,41,43,44,46,44,46,44,45,47,32,51,53,55,56,62,41,43,44,45,47,32,51,54,55,56,62,41,43,44,45,47,32,51,53,55,56,62,41,43,44,45,47,32,51,53,55,56,62,41,43,44,45,47,32,51,53,55,56,62,41,43,44,45,47,32,51,53,55,56,57,59,61,55,56,62,41,43,44,45,47,32,51,54,55,63,55,56,57,59,61,55,56,62,41,43,44,46,44,45,47,32,51,54,55,63,55,56,57,59,61,55,56,62,41,43,44,45,47,32,51,54,55,56,62,55,56,57,59,61,55,56,62,41,43,44,45,47,32,51,54,55,63,55,56,62,55,63,55,56,57,59,61,55,56,57,59,61,
unitest46:41,43,44,46,44,46,44,46,44,46,44,45,47,32,51,54,55,56,62,41,43,44,45,47,32,51,53,55,56,62,41,43,44,46,44,45,47,32,51,53,55,56,62,41,43,44,46,44,46,44,45,47,32,51,53,55,56,62,41,43,44,45,47,32,51,54,55,56,62,41,43,44,45,47,32,51,53,55,56,62,41,43,44,45,47,32,51,53,55,56,62,41,43,44,45,47,32,51,53,55,56,62,41,43,44,45,47,32,51,53,55,56,57,59,61,55,56,62,41,43,44,45,47,32,51,54,55,63,55,56,57,59,61,55,56,62,41,43,44,46,44,45,47,32,51,54,55,63,55,56,57,59,61,55,56,62,41,43,44,45,47,32,51,54,55,56,62,55,56,57,59,61,55,56,62,41,43,44,45,47,32,51,54,55,63,55,56,62,55,63,55,56,57,59,61,55,63,55,56,57,59,61,
unitest47:41,43,44,46,44,46,44,46,44,46,44,45,47,32,51,54,55,56,62,41,43,44,45,47,32,51,53,55,56,62,41,43,44,46,44,45,47,32,51,53,55,56,62,41,43,44,46,44,46,44,45,47,32,51,53,55,56,62,41,43,44,45,47,32,51,54,55,56,62,41,43,44,45,47,32,51,53,55,56,62,41,43,44,45,47,32,51,53,55,56,62,41,43,44,45,47,32,51,53,55,56,62,41,43,44,45,47,32,51,53,55,56,57,59,61,55,56,62,41,43,44,45,47,32,51,54,55,63,55,56,57,59,61,55,56,62,41,43,44,46,44,45,47,32,51,54,55,63,55,56,57,59,61,55,56,62,41,43,44,45,47,32,51,54,55,56,62,55,56,57,59,61,55,56,62,41,43,44,45,47,32,51,54,55,63,55,56,62,55,63,55,56,57,59,61,55,63,55,56,57,59,61,
unitest48:41,43,44,46,44,45,47,32,51,54,55,63,55,56,57,59,61,
unitest49:41,43,44,46,44,46,44,46,44,46,44,45,47,32,51,54,55,56,62,41,43,44,45,47,32,51,53,55,56,62,41,43,44,46,44,45,47,32,51,53,55,56,62,41,43,44,46,44,46,44,45,47,32,51,53,55,56,62,41,43,44,45,47,32,51,54,55,56,62,41,43,44,45,47,32,51,53,55,56,62,41,43,44,45,47,32,51,53,55,56,62,41,43,44,45,47,32,51,53,55,56,62,41,43,44,45,47,32,51,53,55,56,57,59,61,55,56,62,41,43,44,45,47,32,51,54,55,63,55,56,57,59,61,55,56,62,41,43,44,46,44,45,47,32,51,54,55,63,55,56,57,59,61,55,56,62,41,43,44,45,47,32,51,54,55,56,62,55,56,57,59,61,55,56,62,41,43,44,45,47,32,51,54,55,63,55,56,62,55,63,55,56,57,59,61,55,63,55,56,57,59,61,
unitest50:41,43,44,46,44,46,44,46,44,46,44,45,47,32,51,54,55,56,62,41,43,44,45,47,32,51,53,55,56,62,41,43,44,46,44,45,47,32,51,53,55,56,62,41,43,44,46,44,46,44,45,47,32,51,53,55,56,62,41,43,44,45,47,32,51,54,55,56,62,41,43,44,45,47,32,51,53,55,56,62,41,43,44,45,47,32,51,53,55,56,62,41,43,44,45,47,32,51,53,55,56,62,41,43,44,45,47,32,51,53,55,56,57,59,61,55,56,62,41,43,44,45,47,32,51,54,55,63,55,56,57,59,61,55,56,62,41,43,44,46,44,45,47,32,51,54,55,63,55,56,57,59,61,55,56,62,41,43,44,45,47,32,51,54,55,56,62,55,56,57,59,61,55,56,62,41,43,44,45,47,32,51,54,55,63,55,56,62,55,63,55,56,57,59,61,55,63,55,56,57,59,61,
unitest51:41,43,44,46,44,46,44,46,44,46,44,45,47,32,51,54,55,56,62,41,43,44,45,47,32,51,53,55,56,62,41,43,44,46,44,45,47,32,51,53,55,56,62,41,43,44,46,44,46,44,45,47,32,51,53,55,56,62,41,43,44,45,47,32,51,54,55,56,62,41,43,44,45,47,32,51,53,55,56,62,41,43,44,45,47,32,51,53,55,56,62,41,43,44,45,47,32,51,53,55,56,62,41,43,44,45,47,32,51,53,55,56,57,59,61,55,56,62,41,43,44,45,47,32,51,54,55,63,55,56,57,59,61,55,56,62,41,43,44,46,44,45,47,32,51,54,55,63,55,56,57,59,61,55,56,62,41,43,44,45,47,32,51,54,55,56,62,55,56,57,59,61,55,56,62,41,43,44,45,47,32,51,54,55,63,55,56,62,55,63,55,56,57,59,61,55,63,55,56,57,59,61,
unitest52:41,43,44,46,44,46,44,46,44,46,44,45,47,32,51,54,55,56,62,41,43,44,45,47,32,51,53,55,56,62,41,43,44,46,44,45,47,32,51,53,55,56,62,41,43,44,46,44,46,44,45,47,32,51,53,55,63,55,56,62,41,43,44,45,47,32,51,54,55,56,62,41,43,44,45,47,32,51,53,55,56,62,41,43,44,45,47,32,51,53,55,56,62,41,43,44,45,47,32,51,53,55,56,62,41,43,44,45,47,32,51,53,55,56,57,59,61,55,56,62,41,43,44,45,47,32,51,54,55,63,55,56,57,59,61,55,56,62,41,43,44,46,44,45,47,32,51,54,55,63,55,56,57,59,61,55,56,62,41,43,44,45,47,32,51,54,55,56,62,55,56,57,59,61,55,56,62,41,43,44,45,47,32,51,54,55,63,55,56,62,55,63,55,56,57,59,61,55,56,57,59,61,
unitest53:41,43,44,46,44,46,44,46,44,46,44,45,47,32,51,54,55,56,62,41,43,44,45,47,32,51,53,55,56,62,41,43,44,46,44,45,47,32,51,53,55,56,62,41,43,44,46,44,46,44,45,47,32,51,53,55,56,62,41,43,44,45,47,32,51,54,55,56,62,41,43,44,45,47,32,51,53,55,56,62,41,43,44,45,47,32,51,53,55,56,62,41,43,44,45,47,32,51,53,55,56,62,41,43,44,45,47,32,51,53,55,56,57,59,61,55,56,62,41,43,44,45,47,32,51,54,55,63,55,56,57,59,61,55,56,62,41,43,44,46,44,45,47,32,51,54,55,63,55,56,57,59,61,55,56,62,41,43,44,45,47,32,51,54,55,56,62,55,56,57,59,61,55,56,62,41,43,44,45,47,32,51,54,55,63,55,56,62,55,63,55,56,57,59,61,55,56,57,59,61,
unitest54:41,43,44,45,47,32,51,54,55,56,62,41,43,44,45,47,32,51,53,55,56,62,41,43,44,46,44,45,47,32,51,53,55,56,62,41,43,44,46,44,46,44,45,47,32,51,53,55,56,62,41,43,44,45,47,32,51,54,55,56,62,41,43,44,45,47,32,51,53,55,56,62,41,43,44,45,47,32,51,53,55,56,62,41,43,44,45,47,32,51,53,55,56,62,41,43,44,45,47,32,51,53,55,56,57,59,61,55,56,62,41,43,44,45,47,32,51,54,55,63,55,56,57,59,61,55,56,62,41,43,44,46,44,45,47,32,51,54,55,63,55,56,57,59,61,55,56,62,41,43,44,45,47,32,51,54,55,56,62,55,56,57,59,61,55,56,62,41,43,44,45,47,32,51,54,55,63,55,56,62,55,63,55,56,57,59,61,55,63,55,56,57,59,61,
unitest55:41,43,44,45,47,32,51,54,55,56,62,41,43,44,45,47,32,51,53,55,56,62,41,43,44,46,44,45,47,32,51,53,55,56,62,41,43,44,46,44,46,44,45,47,32,51,53,55,56,62,41,43,44,45,47,32,51,54,55,56,62,41,43,44,45,47,32,51,53,55,56,62,41,43,44,45,47,32,51,53,55,56,62,41,43,44,45,47,32,51,53,55,56,62,41,43,44,45,47,32,51,53,55,56,57,59,61,55,56,62,41,43,44,45,47,32,51,54,55,63,55,56,57,59,61,55,56,62,41,43,44,46,44,45,47,32,51,54,55,63,55,56,57,59,61,55,56,62,41,43,44,45,47,32,51,54,55,56,62,55,56,57,59,61,55,56,62,41,43,44,45,47,32,51,54,55,63,55,56,62,55,63,55,56,57,59,61,55,56,57,59,61,
unitest56:41,43,44,45,47,32,51,54,55,56,62,41,43,44,45,47,32,51,53,55,56,62,41,43,44,46,44,45,47,32,51,53,55,56,62,41,43,44,46,44,46,44,45,47,32,51,53,55,56,62,41,43,44,45,47,32,51,54,55,56,62,41,43,44,45,47,32,51,53,55,56,62,41,43,44,45,47,32,51,53,55,56,62,41,43,44,45,47,32,51,53,55,56,62,41,43,44,45,47,32,51,53,55,56,57,59,61,55,56,62,41,43,44,45,47,32,51,54,55,63,55,56,57,59,61,55,56,62,41,43,44,46,44,45,47,32,51,54,55,63,55,56,57,59,61,55,56,62,41,43,44,45,47,32,51,54,55,56,62,55,56,57,59,61,55,56,62,41,43,44,45,47,32,51,54,55,63,55,56,62,55,63,55,56,57,59,61,55,63,55,56,57,59,61,
unitest57:41,43,44,45,47,32,51,54,55,56,62,41,43,44,45,47,32,51,53,55,56,62,41,43,44,46,44,45,47,32,51,53,55,56,62,41,43,44,46,44,46,44,45,47,32,51,53,55,56,62,41,43,44,45,47,32,51,54,55,56,62,41,43,44,45,47,32,51,53,55,56,62,41,43,44,45,47,32,51,53,55,56,62,41,43,44,45,47,32,51,53,55,56,62,41,43,44,45,47,32,51,53,55,56,57,59,61,55,56,62,41,43,44,45,47,32,51,54,55,63,55,56,57,59,61,55,56,62,41,43,44,46,44,45,47,32,51,54,55,63,55,56,57,59,61,55,56,62,41,43,44,45,47,32,51,54,55,56,62,55,56,57,59,61,55,56,62,41,43,44,45,47,32,51,54,55,63,55,56,62,55,63,55,56,57,59,61,55,56,57,59,61,
unitest58:41,43,44,46,44,45,47,32,51,54,55,63,55,56,57,59,61,
unitest59:41,43,44,46,44,45,47,32,51,54,55,56,57,59,61,
unitest60:41,43,44,45,47,32,51,54,55,56,62,41,43,44,45,47,32,51,53,55,56,62,41,43,44,46,44,45,47,32,51,53,55,56,62,41,43,44,46,44,46,44,45,47,32,51,53,55,56,62,41,43,44,45,47,32,51,54,55,56,62,41,43,44,45,47,32,51,53,55,56,62,41,43,44,45,47,32,51,53,55,56,62,41,43,44,45,47,32,51,53,55,56,62,41,43,44,45,47,32,51,53,55,56,57,59,61,55,56,62,41,43,44,45,47,32,51,54,55,63,55,56,57,59,61,55,56,62,41,43,44,46,44,45,47,32,51,54,55,63,55,56,57,59,61,55,56,62,41,43,44,45,47,32,51,54,55,56,62,55,56,57,59,61,55,56,62,41,43,44,45,47,32,51,54,55,63,55,56,62,55,63,55,56,57,59,61,55,63,55,56,57,59,61,
unitest61:41,43,44,46,44,46,44,46,44,46,44,45,47,32,51,54,55,56,62,41,43,44,45,47,32,51,53,55,56,62,41,43,44,46,44,45,47,32,51,53,55,56,62,41,43,44,46,44,46,44,45,47,32,51,53,55,56,62,41,43,44,45,47,32,51,54,55,56,62,41,43,44,45,47,32,51,53,55,56,62,41,43,44,45,47,32,51,53,55,56,62,41,43,44,45,47,32,51,53,55,56,62,41,43,44,45,47,32,51,53,55,56,57,59,61,55,56,62,41,43,44,45,47,32,51,54,55,63,55,56,57,59,61,55,56,62,41,43,44,46,44,45,47,32,51,54,55,63,55,56,57,59,61,55,56,62,41,43,44,45,47,32,51,54,55,56,62,55,56,57,59,61,55,56,62,41,43,44,45,47,32,51,54,55,63,55,56,62,55,63,55,56,57,59,61,55,63,55,56,57,59,61,
unitest62:41,43,44,46,44,46,44,46,44,46,44,45,47,32,51,54,55,56,62,41,43,44,45,47,32,51,53,55,56,62,41,43,44,46,44,45,47,32,51,53,55,56,62,41,43,44,46,44,46,44,45,47,32,51,53,55,56,62,41,43,44,45,47,32,51,54,55,56,62,41,43,44,45,47,32,51,53,55,56,62,41,43,44,45,47,32,51,53,55,56,62,41,43,44,45,47,32,51,53,55,56,62,41,43,44,45,47,32,51,53,55,56,57,59,61,55,56,62,41,43,44,45,47,32,51,54,55,63,55,56,57,59,61,55,56,62,41,43,44,46,44,45,47,32,51,54,55,63,55,56,57,59,61,55,56,62,41,43,44,45,47,32,51,54,55,56,62,55,56,57,59,61,55,56,62,41,43,44,45,47,32,51,54,55,63,55,56,62,55,63,55,56,57,59,61,55,56,57,59,61,
unitest63:41,43,44,45,47,32,51,54,55,56,62,41,43,44,45,47,32,51,53,55,56,62,41,43,44,46,44,45,47,32,51,53,55,56,62,41,43,44,46,44,46,44,45,47,32,51,53,55,56,62,41,43,44,45,47,32,51,54,55,56,62,41,43,44,45,47,32,51,53,55,56,62,41,43,44,45,47,32,51,53,55,56,62,41,43,44,45,47,32,51,53,55,56,62,41,43,44,45,47,32,51,53,55,56,57,59,61,55,56,62,41,43,44,45,47,32,51,54,55,63,55,56,57,59,61,55,56,62,41,43,44,46,44,45,47,32,51,54,55,63,55,56,57,59,61,55,56,62,41,43,44,45,47,32,51,54,55,56,62,55,56,57,59,61,55,56,62,41,43,44,45,47,32,51,54,55,63,55,56,62,55,63,55,56,57,59,61,55,63,55,56,57,59,61,
unitest64:41,43,44,45,47,32,51,54,55,56,62,41,43,44,45,47,32,51,53,55,56,62,41,43,44,46,44,45,47,32,51,53,55,56,62,41,43,44,46,44,46,44,45,47,32,51,53,55,56,62,41,43,44,45,47,32,51,54,55,56,62,41,43,44,45,47,32,51,53,55,56,62,41,43,44,45,47,32,51,53,55,56,62,41,43,44,45,47,32,51,53,55,56,62,41,43,44,45,47,32,51,53,55,56,57,59,61,55,56,62,41,43,44,45,47,32,51,54,55,63,55,56,57,59,61,55,56,62,41,43,44,46,44,45,47,32,51,54,55,63,55,56,57,59,61,55,56,62,41,43,44,45,47,32,51,54,55,56,62,55,56,57,59,61,55,56,62,41,43,44,45,47,32,51,54,55,63,55,56,62,55,63,55,56,57,59,61,55,56,57,59,61,
unitest65:41,43,44,46,44,46,44,46,44,46,44,45,47,32,51,54,55,56,62,41,43,44,45,47,32,51,53,55,56,62,41,43,44,46,44,45,47,32,51,53,55,56,62,41,43,44,46,44,46,44,45,47,32,51,53,55,56,62,41,43,44,45,47,32,51,54,55,56,62,41,43,44,45,47,32,51,53,55,56,62,41,43,44,45,47,32,51,53,55,56,62,41,43,44,45,47,32,51,53,55,56,62,41,43,44,45,47,32,51,53,55,56,57,59,61,55,56,62,41,43,44,45,47,32,51,54,55,63,55,56,57,59,61,55,56,62,41,43,44,46,44,45,47,32,51,54,55,63,55,56,57,59,61,55,56,62,41,43,44,45,47,32,51,54,55,56,62,55,56,57,59,61,55,56,62,41,43,44,45,47,32,51,54,55,63,55,56,62,55,63,55,56,57,59,61,55,63,55,56,57,59,61,
unitest66:41,43,44,46,44,46,44,46,44,46,44,45,47,32,51,54,55,56,62,41,43,44,45,47,32,51,53,55,56,62,41,43,44,46,44,45,47,32,51,53,55,56,62,41,43,44,46,44,46,44,45,47,32,51,53,55,56,62,41,43,44,45,47,32,51,54,55,56,62,41,43,44,45,47,32,51,53,55,56,62,41,43,44,45,47,32,51,53,55,56,62,41,43,44,45,47,32,51,53,55,56,62,41,43,44,45,47,32,51,53,55,56,57,59,61,55,56,62,41,43,44,45,47,32,51,54,55,63,55,56,57,59,61,55,56,62,41,43,44,46,44,45,47,32,51,54,55,63,55,56,57,59,61,55,56,62,41,43,44,45,47,32,51,54,55,56,62,55,56,57,59,61,55,56,62,41,43,44,45,47,32,51,54,55,63,55,56,62,55,63,55,56,57,59,61,55,56,57,59,61,
unitest67:41,43,44,46,44,45,47,32,51,54,55,56,57,59,61,
unitest68:41,43,44,46,44,45,47,32,51,54,55,63,55,56,57,59,61,
unitest69:41,43,44,46,44,46,44,46,44,46,44,45,47,32,51,54,55,56,62,41,43,44,45,47,32,51,54,55,63,55,56,62,55,63,55,56,57,59,61,55,56,57,59,61,
unitest70:41,43,44,46,44,46,44,46,44,46,44,45,47,32,51,54,55,56,62,41,43,44,45,47,32,51,54,55,63,55,56,62,55,63,55,56,57,59,61,55,63,55,56,57,59,61,
unitest71:41,43,44,46,44,46,44,46,44,46,44,45,47,32,51,54,55,56,62,41,43,44,45,47,32,51,53,55,56,62,41,43,44,46,44,45,47,32,51,53,55,56,62,41,43,44,46,44,46,44,45,47,32,51,53,55,56,62,41,43,44,45,47,32,51,54,55,56,62,41,43,44,45,47,32,51,53,55,56,62,41,43,44,45,47,32,51,53,55,56,62,41,43,44,45,47,32,51,53,55,56,62,41,43,44,45,47,32,51,53,55,56,57,59,61,55,56,62,41,43,44,45,47,32,51,54,55,63,55,56,57,59,61,55,56,62,41,43,44,46,44,45,47,32,51,54,55,63,55,56,57,59,61,55,56,62,41,43,44,45,47,32,51,54,55,56,62,55,56,57,59,61,55,56,62,41,43,44,45,47,32,51,54,55,63,55,56,62,55,63,55,56,57,59,61,55,56,57,59,61,
unitest72:41,43,44,46,44,46,44,46,44,46,44,45,47,32,51,54,55,56,62,41,43,44,45,47,32,51,53,55,56,62,41,43,44,46,44,45,47,32,51,53,55,56,62,41,43,44,46,44,46,44,45,47,32,51,53,55,63,55,56,62,41,43,44,45,47,32,51,54,55,56,62,41,43,44,45,47,32,51,53,55,56,62,41,43,44,45,47,32,51,53,55,56,62,41,43,44,45,47,32,51,53,55,56,62,41,43,44,45,47,32,51,53,55,56,57,59,61,55,56,62,41,43,44,45,47,32,51,54,55,63,55,56,57,59,61,55,56,62,41,43,44,46,44,45,47,32,51,54,55,63,55,56,57,59,61,55,56,62,41,43,44,45,47,32,51,54,55,56,62,55,56,57,59,61,55,56,62,41,43,44,45,47,32,51,54,55,63,55,56,62,55,63,55,56,57,59,61,55,56,57,59,61,
unitest73:41,43,44,46,44,46,44,46,44,46,44,45,47,32,51,54,55,56,62,41,43,44,45,47,32,51,53,55,56,62,41,43,44,46,44,45,47,32,51,53,55,56,62,41,43,44,46,44,46,44,45,47,32,51,53,55,56,62,41,43,44,45,47,32,51,54,55,56,62,41,43,44,45,47,32,51,53,55,56,62,41,43,44,45,47,32,51,53,55,56,62,41,43,44,45,47,32,51,53,55,56,62,41,43,44,45,47,32,51,53,55,56,57,59,61,55,56,62,41,43,44,45,47,32,51,54,55,63,55,56,57,59,61,55,56,62,41,43,44,46,44,45,47,32,51,54,55,63,55,56,57,59,61,55,56,62,41,43,44,45,47,32,51,54,55,56,62,55,56,57,59,61,55,56,62,41,43,44,45,47,32,51,54,55,63,55,56,62,55,63,55,56,57,59,61,55,63,55,56,57,59,61,
unitest74:41,43,44,46,44,46,44,46,44,46,44,45,47,32,51,54,55,56,62,41,43,44,45,47,32,51,53,55,56,62,41,43,44,46,44,45,47,32,51,53,55,56,62,41,43,44,46,44,46,44,45,47,32,51,53,55,56,62,41,43,44,45,47,32,51,54,55,56,62,41,43,44,45,47,32,51,53,55,56,62,41,43,44,45,47,32,51,53,55,56,62,41,43,44,45,47,32,51,53,55,56,62,41,43,44,45,47,32,51,53,55,56,57,59,61,55,56,62,41,43,44,45,47,32,51,54,55,63,55,56,57,59,61,55,56,62,41,43,44,46,44,45,47,32,51,54,55,63,55,56,57,59,61,55,56,62,41,43,44,45,47,32,51,54,55,56,62,55,56,57,59,61,55,56,62,41,43,44,45,47,32,51,54,55,63,55,56,62,55,63,55,56,57,59,61,55,63,55,56,57,59,61,
unitest75:41,43,44,46,44,46,44,46,44,46,44,45,47,32,51,54,55,56,62,41,43,44,45,47,32,51,53,55,56,62,41,43,44,46,44,45,47,32,51,53,55,56,62,41,43,44,46,44,46,44,45,47,32,51,53,55,56,62,41,43,44,45,47,32,51,54,55,56,62,41,43,44,45,47,32,51,53,55,56,62,41,43,44,45,47,32,51,53,55,56,62,41,43,44,45,47,32,51,53,55,56,62,41,43,44,45,47,32,51,53,55,56,57,59,61,55,56,62,41,43,44,45,47,32,51,54,55,63,55,56,57,59,61,55,56,62,41,43,44,46,44,45,47,32,51,54,55,63,55,56,57,59,61,55,56,62,41,43,44,45,47,32,51,54,55,56,62,55,56,57,59,61,55,56,62,41,43,44,45,47,32,51,54,55,63,55,56,62,55,63,55,56,57,59,61,55,63,55,56,57,59,61,
unitest76:41,43,44,46,44,46,44,46,44,46,44,45,47,32,51,54,55,56,62,41,43,44,45,47,32,51,53,55,56,62,41,43,44,46,44,45,47,32,51,53,55,56,62,41,43,44,46,44,46,44,45,47,32,51,53,55,56,62,41,43,44,45,47,32,51,54,55,56,62,41,43,44,45,47,32,51,53,55,56,62,41,43,44,45,47,32,51,53,55,56,62,41,43,44,45,47,32,51,53,55,56,62,41,43,44,45,47,32,51,53,55,56,57,59,61,55,56,62,41,43,44,45,47,32,51,54,55,63,55,56,57,59,61,55,56,62,41,43,44,46,44,45,47,32,51,54,55,63,55,56,57,59,61,55,56,62,41,43,44,45,47,32,51,54,55,56,62,55,56,57,59,61,55,56,62,41,43,44,45,47,32,51,54,55,63,55,56,62,55,63,55,56,57,59,61,55,63,55,56,57,59,61,
unitest77:41,43,44,46,44,46,44,46,44,46,44,45,47,32,51,54,55,56,62,41,43,44,45,47,32,51,53,55,56,62,41,43,44,46,44,45,47,32,51,53,55,56,62,41,43,44,46,44,46,44,45,47,32,51,53,55,56,62,41,43,44,45,47,32,51,54,55,56,62,41,43,44,45,47,32,51,53,55,56,62,41,43,44,45,47,32,51,53,55,56,62,41,43,44,45,47,32,51,53,55,56,62,41,43,44,45,47,32,51,53,55,56,57,59,61,55,56,62,41,43,44,45,47,32,51,54,55,63,55,56,57,59,61,55,56,62,41,43,44,46,44,45,47,32,51,54,55,63,55,56,57,59,61,55,56,62,41,43,44,45,47,32,51,54,55,56,62,55,56,57,59,61,55,56,62,41,43,44,45,47,32,51,54,55,63,55,56,62,55,63,55,56,57,59,61,55,63,55,56,57,59,61,
unitest78:41,43,44,46,44,46,44,46,44,46,44,45,47,32,51,54,55,56,62,41,43,44,45,47,32,51,53,55,56,62,41,43,44,46,44,45,47,32,51,53,55,56,62,41,43,44,46,44,46,44,45,47,32,51,53,55,56,62,41,43,44,45,47,32,51,54,55,56,62,41,43,44,45,47,32,51,53,55,56,62,41,43,44,45,47,32,51,53,55,56,62,41,43,44,45,47,32,51,53,55,56,62,41,43,44,45,47,32,51,53,55,56,57,59,61,55,56,62,41,43,44,45,47,32,51,54,55,63,55,56,57,59,61,55,56,62,41,43,44,46,44,45,47,32,51,54,55,63,55,56,57,59,61,55,56,62,41,43,44,45,47,32,51,54,55,56,62,55,56,57,59,61,55,56,62,41,43,44,45,47,32,51,54,55,63,55,56,62,55,63,55,56,57,59,61,55,63,55,56,57,59,61,
unitest79:41,43,44,45,47,32,51,54,55,56,62,41,43,44,45,47,32,51,53,55,56,62,41,43,44,46,44,45,47,32,51,53,55,56,62,41,43,44,46,44,46,44,45,47,32,51,53,55,56,62,41,43,44,45,47,32,51,54,55,56,62,41,43,44,45,47,32,51,53,55,56,62,41,43,44,45,47,32,51,53,55,56,62,41,43,44,45,47,32,51,53,55,56,62,41,43,44,45,47,32,51,53,55,56,57,59,61,55,56,62,41,43,44,45,47,32,51,54,55,63,55,56,57,59,61,55,56,62,41,43,44,46,44,45,47,32,51,54,55,63,55,56,57,59,61,55,56,62,41,43,44,45,47,32,51,54,55,56,62,55,56,57,59,61,55,56,62,41,43,44,45,47,32,51,54,55,63,55,56,62,55,63,55,56,57,59,61,55,63,55,56,57,59,61,
unitest80:41,43,44,45,47,32,51,54,55,56,62,41,43,44,45,47,32,51,53,55,56,62,41,43,44,46,44,45,47,32,51,53,55,56,62,41,43,44,46,44,46,44,45,47,32,51,53,55,56,62,41,43,44,45,47,32,51,54,55,56,62,41,43,44,45,47,32,51,53,55,56,62,41,43,44,45,47,32,51,53,55,56,62,41,43,44,45,47,32,51,53,55,56,62,41,43,44,45,47,32,51,53,55,56,57,59,61,55,56,62,41,43,44,45,47,32,51,54,55,63,55,56,57,59,61,55,56,62,41,43,44,46,44,45,47,32,51,54,55,63,55,56,57,59,61,55,56,62,41,43,44,45,47,32,51,54,55,56,62,55,56,57,59,61,55,56,62,41,43,44,45,47,32,51,54,55,63,55,56,62,55,63,55,56,57,59,61,55,63,55,56,57,59,61,
unitest81:41,43,44,45,47,32,51,54,55,56,62,41,43,44,45,47,32,51,53,55,56,62,41,43,44,46,44,45,47,32,51,53,55,56,62,41,43,44,46,44,46,44,45,47,32,51,53,55,56,62,41,43,44,45,47,32,51,54,55,56,62,41,43,44,45,47,32,51,53,55,56,62,41,43,44,45,47,32,51,53,55,56,62,41,43,44,45,47,32,51,53,55,56,62,41,43,44,45,47,32,51,53,55,56,57,59,61,55,56,62,41,43,44,45,47,32,51,54,55,63,55,56,57,59,61,55,56,62,41,43,44,46,44,45,47,32,51,54,55,63,55,56,57,59,61,55,56,62,41,43,44,45,47,32,51,54,55,56,62,55,56,57,59,61,55,56,62,41,43,44,45,47,32,51,54,55,63,55,56,62,55,63,55,56,57,59,61,55,63,55,56,57,59,61,
unitest82:41,43,44,45,47,32,51,54,55,56,62,41,43,44,45,47,32,51,53,55,56,62,41,43,44,46,44,45,47,32,51,53,55,56,62,41,43,44,46,44,46,44,45,47,32,51,53,55,56,62,41,43,44,45,47,32,51,54,55,56,62,41,43,44,45,47,32,51,53,55,56,62,41,43,44,45,47,32,51,53,55,56,62,41,43,44,45,47,32,51,53,55,56,62,41,43,44,45,47,32,51,53,55,56,57,59,61,55,56,62,41,43,44,45,47,32,51,54,55,63,55,56,57,59,61,55,56,62,41,43,44,46,44,45,47,32,51,54,55,63,55,56,57,59,61,55,56,62,41,43,44,45,47,32,51,54,55,56,62,55,56,57,59,61,55,56,62,41,43,44,45,47,32,51,54,55,63,55,56,62,55,63,55,56,57,59,61,55,63,55,56,57,59,61,
unitest83:41,43,44,45,47,32,51,54,55,56,62,41,43,44,45,47,32,51,53,55,56,62,41,43,44,46,44,45,47,32,51,53,55,56,62,41,43,44,46,44,46,44,45,47,32,51,53,55,56,62,41,43,44,45,47,32,51,54,55,56,62,41,43,44,45,47,32,51,53,55,56,62,41,43,44,45,47,32,51,53,55,56,62,41,43,44,45,47,32,51,53,55,56,62,41,43,44,45,47,32,51,53,55,56,57,59,61,55,56,62,41,43,44,45,47,32,51,54,55,63,55,56,57,59,61,55,56,62,41,43,44,46,44,45,47,32,51,54,55,63,55,56,57,59,61,55,56,62,41,43,44,45,47,32,51,54,55,56,62,55,56,57,59,61,55,56,62,41,43,44,45,47,32,51,54,55,63,55,56,62,55,63,55,56,57,59,61,55,63,55,56,57,59,61,
unitest84:41,43,44,46,44,46,44,46,44,46,44,45,47,32,51,53,
unitest85:41,43,44,46,44,45,47,32,51,54,55,56,57,59,61,
unitest86:41,43,44,45,47,32,51,54,55,56,62,41,43,44,45,47,32,51,53,55,56,62,41,43,44,46,44,45,47,32,51,53,55,56,62,41,43,44,46,44,46,44,45,47,32,51,53,55,56,62,41,43,44,45,47,32,51,54,55,56,62,41,43,44,45,47,32,51,53,55,56,62,41,43,44,45,47,32,51,53,55,56,62,41,43,44,45,47,32,51,53,55,56,62,41,43,44,45,47,32,51,53,55,56,57,59,61,55,56,62,41,43,44,45,47,32,51,54,55,63,55,56,57,59,61,55,56,62,41,43,44,46,44,45,47,32,51,54,55,63,55,56,57,59,61,55,56,62,41,43,44,45,47,32,51,54,55,56,62,55,56,57,59,61,55,56,62,41,43,44,45,47,32,51,54,55,63,55,56,62,55,63,55,56,57,59,61,55,56,57,59,61,
unitest87:41,43,44,45,47,32,51,54,55,63,55,56,57,59,61,
unitest88:41,43,44,45,47,32,51,54,55,56,62,41,43,44,45,47,32,51,53,55,56,62,41,43,44,46,44,45,47,32,51,53,55,56,62,41,43,44,46,44,46,44,45,47,32,51,53,55,56,62,41,43,44,45,47,32,51,54,55,56,62,41,43,44,45,47,32,51,53,55,56,62,41,43,44,45,47,32,51,53,55,56,62,41,43,44,45,47,32,51,53,55,56,62,41,43,44,45,47,32,51,53,55,56,57,59,61,55,56,62,41,43,44,45,47,32,51,54,55,63,55,56,57,59,61,55,56,62,41,43,44,46,44,45,47,32,51,54,55,63,55,56,57,59,61,55,56,62,41,43,44,45,47,32,51,54,55,56,62,55,56,57,59,61,55,56,62,41,43,44,45,47,32,51,54,55,63,55,56,62,55,63,55,56,57,59,61,55,63,55,56,57,59,61,
unitest89:41,43,44,46,44,46,44,46,44,46,44,45,47,32,51,54,55,56,57,59,61,
unitest90:41,43,44,46,44,46,44,46,44,46,44,45,47,32,51,54,55,56,62,41,43,44,45,47,32,51,53,55,56,62,41,43,44,46,44,45,47,32,51,53,55,56,62,41,43,44,46,44,46,44,45,47,32,51,53,55,56,62,41,43,44,45,47,32,51,54,55,56,62,41,43,44,45,47,32,51,53,55,56,62,41,43,44,45,47,32,51,53,55,56,62,41,43,44,45,47,32,51,53,55,56,62,41,43,44,45,47,32,51,53,55,56,57,59,61,55,56,62,41,43,44,45,47,32,51,54,55,63,55,56,57,59,61,55,56,62,41,43,44,46,44,45,47,32,51,54,55,63,55,56,57,59,61,55,56,62,41,43,44,45,47,32,51,54,55,56,62,55,56,57,59,61,55,56,62,41,43,44,45,47,32,51,54,55,63,55,56,62,55,63,55,56,57,59,61,55,56,57,59,61,
unitest91:41,43,44,46,44,45,47,32,51,54,55,63,55,56,57,59,61,
unitest92:41,43,44,46,44,46,44,46,44,46,44,45,47,32,51,54,55,56,62,41,43,44,45,47,32,51,53,55,56,62,41,43,44,46,44,45,47,32,51,53,55,56,62,41,43,44,46,44,46,44,45,47,32,51,53,55,63,55,56,62,41,43,44,45,47,32,51,54,55,56,62,41,43,44,45,47,32,51,53,55,56,62,41,43,44,45,47,32,51,53,55,56,62,41,43,44,45,47,32,51,53,55,56,62,41,43,44,45,47,32,51,53,55,56,57,59,61,55,56,62,41,43,44,45,47,32,51,54,55,63,55,56,57,59,61,55,56,62,41,43,44,46,44,45,47,32,51,54,55,63,55,56,57,59,61,55,56,62,41,43,44,45,47,32,51,54,55,56,62,55,56,57,59,61,55,56,62,41,43,44,45,47,32,51,54,55,63,55,56,62,55,63,55,56,57,59,61,55,56,57,59,61,
unitest93:
unitest94:
unitest95:
unitest96:
unitest97:
unitest98:
unitest99:
unitest100:
unitest101:41,43,44,46,44,46,44,46,44,46,44,45,47,32,51,54,55,56,62,41,43,44,45,47,32,51,53,55,56,62,41,43,44,46,44,45,47,32,51,53,55,56,62,41,43,44,46,44,46,44,45,47,32,51,53,55,56,62,41,43,44,45,47,32,51,54,55,56,62,41,43,44,45,47,32,51,53,55,56,62,41,43,44,45,47,32,51,53,55,56,62,41,43,44,45,47,32,51,53,55,56,62,41,43,44,45,47,32,51,53,55,56,57,59,61,55,56,62,41,43,44,45,47,32,51,54,55,63,55,56,57,59,61,55,56,62,41,43,44,46,44,45,47,32,51,54,55,63,55,56,57,59,61,55,56,62,41,43,44,45,47,32,51,54,55,56,62,55,56,57,59,61,55,56,62,41,43,44,45,47,32,51,54,55,63,55,56,62,55,63,55,56,57,59,61,55,63,55,56,57,59,61,
unitest102:41,43,44,46,44,46,44,46,44,46,44,45,47,32,51,54,55,56,62,41,43,44,45,47,32,51,53,55,56,62,41,43,44,46,44,45,47,32,51,53,55,56,62,41,43,44,46,44,46,44,45,47,32,51,53,55,56,62,41,43,44,45,47,32,51,54,55,56,62,41,43,44,45,47,32,51,53,55,56,62,41,43,44,45,47,32,51,53,55,56,62,41,43,44,45,47,32,51,53,55,56,62,41,43,44,45,47,32,51,53,55,56,57,59,61,55,56,62,41,43,44,45,47,32,51,54,55,63,55,56,57,59,61,55,56,62,41,43,44,46,44,45,47,32,51,54,55,63,55,56,57,59,61,55,56,62,41,43,44,45,47,32,51,54,55,56,62,55,56,57,59,61,55,56,62,41,43,44,45,47,32,51,54,55,63,55,56,62,55,63,55,56,57,59,61,55,63,55,56,57,59,61,
unitest103:41,43,44,46,44,46,44,46,44,46,44,45,47,32,51,54,55,56,62,41,43,44,45,47,32,51,53,55,56,62,41,43,44,46,44,45,47,32,51,53,55,56,62,41,43,44,46,44,46,44,45,47,32,51,53,55,56,62,41,43,44,45,47,32,51,54,55,56,62,41,43,44,45,47,32,51,53,55,56,62,41,43,44,45,47,32,51,53,55,56,62,41,43,44,45,47,32,51,53,55,56,62,41,43,44,45,47,32,51,53,55,56,57,59,61,55,56,62,41,43,44,45,47,32,51,54,55,63,55,56,57,59,61,55,56,62,41,43,44,46,44,45,47,32,51,54,55,63,55,56,57,59,61,55,56,62,41,43,44,45,47,32,51,54,55,56,62,55,56,57,59,61,55,56,62,41,43,44,45,47,32,51,54,55,63,55,56,62,55,63,55,56,57,59,61,55,63,55,56,57,59,61,
unitest104:41,43,44,46,44,46,44,46,44,46,44,45,47,32,51,53,
unitest105:41,43,44,45,47,32,51,54,55,56,62,41,43,44,45,47,32,51,53,55,56,62,41,43,44,46,44,45,47,32,51,53,55,56,62,41,43,44,46,44,46,44,45,47,32,51,53,55,56,62,41,43,44,45,47,32,51,54,55,56,62,41,43,44,45,47,32,51,53,55,56,62,41,43,44,45,47,32,51,53,55,56,62,41,43,44,45,47,32,51,53,55,56,62,41,43,44,45,47,32,51,53,55,56,57,59,61,55,56,62,41,43,44,45,47,32,51,54,55,63,55,56,57,59,61,55,56,62,41,43,44,46,44,45,47,32,51,54,55,63,55,56,57,59,61,55,56,62,41,43,44,45,47,32,51,54,55,56,62,55,56,57,59,61,55,56,62,41,43,44,45,47,32,51,54,55,63,55,56,62,55,63,55,56,57,59,61,55,63,55,56,57,59,61,
unitest106:41,43,44,45,47,32,51,54,55,56,62,41,43,44,45,47,32,51,53,55,56,62,41,43,44,46,44,45,47,32,51,53,55,56,62,41,43,44,46,44,46,44,45,47,32,51,53,55,56,62,41,43,44,45,47,32,51,54,55,56,62,41,43,44,45,47,32,51,53,55,56,62,41,43,44,45,47,32,51,53,55,56,62,41,43,44,45,47,32,51,53,55,56,62,41,43,44,45,47,32,51,53,55,56,57,59,61,55,56,62,41,43,44,45,47,32,51,54,55,63,55,56,57,59,61,55,56,62,41,43,44,46,44,45,47,32,51,54,55,63,55,56,57,59,61,55,56,62,41,43,44,45,47,32,51,54,55,56,62,55,56,57,59,61,55,56,62,41,43,44,45,47,32,51,54,55,63,55,56,62,55,63,55,56,57,59,61,55,63,55,56,57,59,61,
unitest107:41,43,44,45,47,32,51,54,55,56,62,41,43,44,45,47,32,51,53,55,56,62,41,43,44,46,44,45,47,32,51,53,55,56,62,41,43,44,46,44,46,44,45,47,32,51,53,55,56,62,41,43,44,45,47,32,51,54,55,56,62,41,43,44,45,47,32,51,53,55,56,62,41,43,44,45,47,32,51,53,55,56,62,41,43,44,45,47,32,51,53,55,56,62,41,43,44,45,47,32,51,53,55,56,57,59,61,55,56,62,41,43,44,45,47,32,51,54,55,63,55,56,57,59,61,55,56,62,41,43,44,46,44,45,47,32,51,54,55,63,55,56,57,59,61,55,56,62,41,43,44,45,47,32,51,54,55,56,62,55,56,57,59,61,55,56,62,41,43,44,45,47,32,51,54,55,63,55,56,62,55,63,55,56,57,59,61,55,63,55,56,57,59,61,
unitest108:41,43,44,46,44,45,47,32,51,54,55,56,57,59,61,
unitest109:41,43,44,46,44,45,47,32,51,54,55,56,57,59,61,
unitest110:41,43,44,45,47,32,51,54,55,56,62,41,43,44,45,47,32,51,53,55,56,62,41,43,44,46,44,45,47,32,51,53,55,56,62,41,43,44,46,44,46,44,45,47,32,51,53,55,56,62,41,43,44,45,47,32,51,54,55,56,62,41,43,44,45,47,32,51,53,55,56,62,41,43,44,45,47,32,51,53,55,56,62,41,43,44,45,47,32,51,53,55,56,62,41,43,44,45,47,32,51,53,55,56,57,59,61,55,56,62,41,43,44,45,47,32,51,54,55,63,55,56,57,59,61,55,56,62,41,43,44,46,44,45,47,32,51,54,55,63,55,56,57,59,61,55,56,62,41,43,44,45,47,32,51,54,55,56,62,55,56,57,59,61,55,56,62,41,43,44,45,47,32,51,54,55,63,55,56,62,55,63,55,56,57,59,61,55,63,55,56,57,59,61,
unitest111:41,43,44,45,47,32,51,54,55,56,62,41,43,44,45,47,32,51,53,55,56,62,41,43,44,46,44,45,47,32,51,53,55,56,62,41,43,44,46,44,46,44,45,47,32,51,53,55,56,62,41,43,44,45,47,32,51,54,55,56,62,41,43,44,45,47,32,51,53,55,56,62,41,43,44,45,47,32,51,53,55,56,62,41,43,44,45,47,32,51,53,55,56,62,41,43,44,45,47,32,51,53,55,56,57,59,61,55,56,62,41,43,44,45,47,32,51,54,55,63,55,56,57,59,61,55,56,62,41,43,44,46,44,45,47,32,51,54,55,63,55,56,57,59,61,55,56,62,41,43,44,45,47,32,51,54,55,56,62,55,56,57,59,61,55,56,62,41,43,44,45,47,32,51,54,55,63,55,56,62,55,63,55,56,57,59,61,55,63,55,56,57,59,61,
unitest112:41,43,44,45,47,32,51,54,55,56,62,41,43,44,45,47,32,51,53,55,56,62,41,43,44,46,44,45,47,32,51,53,55,56,62,41,43,44,46,44,46,44,45,47,32,51,53,55,56,62,41,43,44,45,47,32,51,54,55,56,62,41,43,44,45,47,32,51,53,55,56,62,41,43,44,45,47,32,51,53,55,56,62,41,43,44,45,47,32,51,53,55,56,62,41,43,44,45,47,32,51,53,55,56,57,59,61,55,56,62,41,43,44,45,47,32,51,54,55,63,55,56,57,59,61,55,56,62,41,43,44,46,44,45,47,32,51,54,55,63,55,56,57,59,61,55,56,62,41,43,44,45,47,32,51,54,55,56,62,55,56,57,59,61,55,56,62,41,43,44,45,47,32,51,54,55,63,55,56,62,55,63,55,56,57,59,61,55,63,55,56,57,59,61,
unitest113:41,43,44,45,47,32,51,54,55,56,62,41,43,44,45,47,32,51,53,55,56,62,41,43,44,46,44,45,47,32,51,53,55,56,62,41,43,44,46,44,46,44,45,47,32,51,53,55,56,62,41,43,44,45,47,32,51,54,55,56,62,41,43,44,45,47,32,51,53,55,56,62,41,43,44,45,47,32,51,53,55,56,62,41,43,44,45,47,32,51,53,55,56,62,41,43,44,45,47,32,51,53,55,56,57,59,61,55,56,62,41,43,44,45,47,32,51,54,55,63,55,56,57,59,61,55,56,62,41,43,44,46,44,45,47,32,51,54,55,63,55,56,57,59,61,55,56,62,41,43,44,45,47,32,51,54,55,56,62,55,56,57,59,61,55,56,62,41,43,44,45,47,32,51,54,55,63,55,56,62,55,63,55,56,57,59,61,55,63,55,56,57,59,61,
unitest114:41,43,44,45,47,32,51,54,55,56,62,41,43,44,45,47,32,51,53,55,56,62,41,43,44,46,44,45,47,32,51,53,55,56,62,41,43,44,46,44,46,44,45,47,32,51,53,55,56,62,41,43,44,45,47,32,51,54,55,56,62,41,43,44,45,47,32,51,53,55,56,62,41,43,44,45,47,32,51,53,55,56,62,41,43,44,45,47,32,51,53,55,56,62,41,43,44,45,47,32,51,53,55,56,57,59,61,55,56,62,41,43,44,45,47,32,51,54,55,63,55,56,57,59,61,55,56,62,41,43,44,46,44,45,47,32,51,54,55,63,55,56,57,59,61,55,56,62,41,43,44,45,47,32,51,54,55,56,62,55,56,57,59,61,55,56,62,41,43,44,45,47,32,51,54,55,63,55,56,62,55,63,55,56,57,59,61,55,63,55,56,57,59,61,
unitest115:41,43,44,46,44,45,47,32,51,54,55,56,57,59,61,
unitest116:41,43,44,45,47,32,51,54,55,56,62,41,43,44,45,47,32,51,53,55,56,62,41,43,44,46,44,45,47,32,51,53,55,56,62,41,43,44,46,44,46,44,45,47,32,51,53,55,56,62,41,43,44,45,47,32,51,54,55,56,62,41,43,44,45,47,32,51,53,55,56,62,41,43,44,45,47,32,51,53,55,56,62,41,43,44,45,47,32,51,53,55,56,62,41,43,44,45,47,32,51,53,55,56,57,59,61,55,56,62,41,43,44,45,47,32,51,54,55,63,55,56,57,59,61,55,56,62,41,43,44,46,44,45,47,32,51,54,55,63,55,56,57,59,61,55,56,62,41,43,44,45,47,32,51,54,55,56,62,55,56,57,59,61,55,56,62,41,43,44,45,47,32,51,54,55,63,55,56,62,55,63,55,56,57,59,61,55,63,55,56,57,59,61,
unitest117:41,43,44,45,47,32,51,54,55,56,62,41,43,44,45,47,32,51,53,55,56,62,41,43,44,46,44,45,47,32,51,53,55,56,62,41,43,44,46,44,46,44,45,47,32,51,53,55,56,62,41,43,44,45,47,32,51,54,55,56,62,41,43,44,45,47,32,51,53,55,56,62,41,43,44,45,47,32,51,53,55,56,62,41,43,44,45,47,32,51,53,55,56,62,41,43,44,45,47,32,51,53,55,56,57,59,61,55,56,62,41,43,44,45,47,32,51,54,55,63,55,56,57,59,61,55,56,62,41,43,44,46,44,45,47,32,51,54,55,63,55,56,57,59,61,55,56,62,41,43,44,45,47,32,51,54,55,56,62,55,56,57,59,61,55,56,62,41,43,44,45,47,32,51,54,55,63,55,56,62,55,63,55,56,57,59,61,55,63,55,56,57,59,61,
unitest118:41,43,44,45,47,32,51,54,55,56,62,41,43,44,45,47,32,51,53,55,56,62,41,43,44,46,44,45,47,32,51,53,55,56,62,41,43,44,46,44,46,44,45,47,32,51,53,55,56,62,41,43,44,45,47,32,51,54,55,56,62,41,43,44,45,47,32,51,53,55,56,62,41,43,44,45,47,32,51,53,55,56,62,41,43,44,45,47,32,51,53,55,56,62,41,43,44,45,47,32,51,53,55,56,57,59,61,55,56,62,41,43,44,45,47,32,51,54,55,63,55,56,57,59,61,55,56,62,41,43,44,46,44,45,47,32,51,54,55,63,55,56,57,59,61,55,56,62,41,43,44,45,47,32,51,54,55,56,62,55,56,57,59,61,55,56,62,41,43,44,45,47,32,51,54,55,63,55,56,62,55,63,55,56,57,59,61,55,63,55,56,57,59,61,
unitest119:41,43,44,45,47,32,51,54,55,56,62,41,43,44,45,47,32,51,53,55,56,62,41,43,44,46,44,45,47,32,51,53,55,56,62,41,43,44,46,44,46,44,45,47,32,51,53,55,56,62,41,43,44,45,47,32,51,54,55,56,62,41,43,44,45,47,32,51,53,55,56,62,41,43,44,45,47,32,51,53,55,56,62,41,43,44,45,47,32,51,53,55,56,62,41,43,44,45,47,32,51,53,55,56,57,59,61,55,56,62,41,43,44,45,47,32,51,54,55,63,55,56,57,59,61,55,56,62,41,43,44,46,44,45,47,32,51,54,55,63,55,56,57,59,61,55,56,62,41,43,44,45,47,32,51,54,55,56,62,55,56,57,59,61,55,56,62,41,43,44,45,47,32,51,54,55,63,55,56,62,55,63,55,56,57,59,61,55,63,55,56,57,59,61,
unitest120:41,43,44,46,44,45,47,32,51,54,55,56,57,59,61,
unitest121:41,43,44,45,47,32,51,54,55,56,62,41,43,44,45,47,32,51,53,55,56,62,41,43,44,46,44,45,47,32,51,53,55,56,62,41,43,44,46,44,46,44,45,47,32,51,53,55,56,62,41,43,44,45,47,32,51,54,55,56,62,41,43,44,45,47,32,51,53,55,56,62,41,43,44,45,47,32,51,53,55,56,62,41,43,44,45,47,32,51,53,55,56,62,41,43,44,45,47,32,51,53,55,56,57,59,61,55,56,62,41,43,44,45,47,32,51,54,55,63,55,56,57,59,61,55,56,62,41,43,44,46,44,45,47,32,51,54,55,63,55,56,57,59,61,55,56,62,41,43,44,45,47,32,51,54,55,56,62,55,56,57,59,61,55,56,62,41,43,44,45,47,32,51,54,55,63,55,56,62,55,63,55,56,57,59,61,55,63,55,56,57,59,61,
unitest122:41,43,44,46,44,46,44,46,44,46,44,45,47,32,51,54,55,56,62,41,43,44,45,47,32,51,53,55,56,62,41,43,44,46,44,45,47,32,51,53,55,56,62,41,43,44,46,44,46,44,45,47,32,51,53,55,63,55,56,62,41,43,44,45,47,32,51,54,55,56,62,41,43,44,45,47,32,51,53,55,56,62,41,43,44,45,47,32,51,53,55,56,62,41,43,44,45,47,32,51,53,55,56,62,41,43,44,45,47,32,51,53,55,56,57,59,61,55,56,62,41,43,44,45,47,32,51,54,55,63,55,56,57,59,61,55,56,62,41,43,44,46,44,45,47,32,51,54,55,63,55,56,57,59,61,55,56,62,41,43,44,45,47,32,51,54,55,56,62,55,56,57,59,61,55,56,62,41,43,44,45,47,32,51,54,55,63,55,56,62,55,63,55,56,57,59,61,55,56,57,59,61,
unitest123:
unitest124:41,43,44,45,47,32,51,53,
unitest125:41,43,44,45,47,32,51,54,55,56,62,41,43,44,45,47,32,51,53,55,56,62,41,43,44,46,44,45,47,32,51,53,55,56,62,41,43,44,46,44,46,44,45,47,32,51,53,55,56,62,41,43,44,45,47,32,51,54,55,56,62,41,43,44,45,47,32,51,53,55,56,62,41,43,44,45,47,32,51,53,55,56,62,41,43,44,45,47,32,51,53,55,56,62,41,43,44,45,47,32,51,53,55,56,57,59,61,55,56,62,41,43,44,45,47,32,51,54,55,56,57,59,61,55,56,62,41,43,44,46,44,45,47,32,51,54,55,63,55,56,57,59,61,55,56,62,41,43,44,45,47,32,51,54,55,56,62,55,56,57,59,61,55,56,62,41,43,44,45,47,32,51,54,55,63,55,56,62,55,63,55,56,57,59,61,55,63,55,56,57,59,61,
unitest126:41,43,44,45,47,32,51,54,55,56,62,41,43,44,45,47,32,51,53,55,56,62,41,43,44,46,44,45,47,32,51,53,55,56,62,41,43,44,46,44,46,44,45,47,32,51,53,55,56,62,41,43,44,45,47,32,51,54,55,56,62,41,43,44,45,47,32,51,53,55,56,62,41,43,44,45,47,32,51,53,55,56,62,41,43,44,45,47,32,51,53,55,56,62,41,43,44,45,47,32,51,53,55,56,57,59,61,55,56,62,41,43,44,45,47,32,51,54,55,63,55,56,57,59,61,55,56,62,41,43,44,46,44,45,47,32,51,54,55,63,55,56,57,59,61,55,56,62,41,43,44,45,47,32,51,54,55,56,62,55,56,57,59,61,55,56,62,41,43,44,45,47,32,51,54,55,63,55,56,62,55,63,55,56,57,59,61,55,63,55,56,62,41,43,44,45,47,32,51,54,55,
unitest127:41,43,44,45,47,32,51,54,55,56,62,41,43,44,45,47,32,51,53,55,56,62,41,43,44,46,44,45,47,32,51,53,55,56,62,41,43,44,46,44,46,44,45,47,32,51,53,55,56,62,41,43,44,45,47,32,51,54,55,56,62,41,43,44,45,47,32,51,53,55,56,62,41,43,44,45,47,32,51,53,55,56,62,41,43,44,45,47,32,51,53,55,56,62,41,43,44,45,47,32,51,53,55,56,62,41,43,44,45,47,32,51,54,55,63,55,56,57,59,61,55,56,62,41,43,44,46,44,45,47,32,51,54,55,63,55,56,57,59,61,55,56,62,41,43,44,45,47,32,51,54,55,56,62,55,56,57,59,61,55,56,62,41,43,44,45,47,32,51,54,55,63,55,56,62,55,63,55,56,57,59,61,55,63,55,56,57,58,
unitest128:41,43,44,45,47,32,51,54,55,56,62,41,43,44,45,47,32,51,53,55,56,62,41,43,44,46,44,45,47,32,51,53,55,56,62,41,43,44,46,44,46,44,45,47,32,51,53,55,56,62,41,43,44,45,47,32,51,54,55,56,62,41,43,44,45,47,32,51,53,55,56,62,41,43,44,45,47,32,51,53,55,56,62,41,43,44,45,47,32,51,53,55,56,62,41,43,44,45,47,32,51,53,55,56,57,58,
unitest129:41,43,44,45,47,32,51,54,55,56,62,41,43,44,45,47,32,51,53,55,56,62,41,43,44,46,44,45,47,32,51,53,55,56,62,41,43,44,46,44,46,44,45,47,32,51,53,55,56,62,41,43,44,45,47,32,51,54,55,56,62,41,43,44,45,47,32,51,53,55,56,62,41,43,44,45,47,32,51,53,55,56,62,41,43,44,45,47,32,51,53,55,56,62,41,43,44,45,47,32,51,53,55,56,62,41,43,44,45,47,32,51,54,55,56,57,59,61,55,63,55,56,57,59,61,55,56,62,41,43,44,46,44,45,47,32,51,54,55,63,55,56,57,59,61,55,56,62,41,43,44,45,47,32,51,54,55,56,62,55,56,57,59,61,55,56,62,41,43,44,45,47,32,51,54,55,63,55,56,62,55,63,55,56,57,59,61,55,63,55,56,57,59,61,
unitest130:41,43,44,45,47,32,51,54,55,56,62,41,43,44,45,47,32,51,53,55,56,62,41,43,44,46,44,45,47,32,51,53,55,56,62,41,43,44,46,44,46,44,45,47,32,51,53,55,56,62,41,43,44,45,47,32,51,54,55,56,62,41,43,44,45,47,32,51,53,55,56,62,41,43,44,45,47,32,51,53,55,56,62,41,43,44,45,47,32,51,53,55,56,62,41,43,44,45,47,32,51,53,55,56,57,59,61,55,56,62,41,43,44,45,47,32,51,54,55,63,55,56,57,59,61,55,56,62,41,43,44,46,44,45,47,32,51,54,55,63,55,56,57,59,61,55,56,62,41,43,44,45,47,32,51,54,55,56,62,55,56,57,59,61,55,56,62,41,43,44,45,47,32,51,54,55,63,55,56,62,55,63,55,56,57,59,61,55,63,55,56,57,59,61,
unitest131:41,43,44,45,47,32,51,54,55,56,62,41,43,44,45,47,32,51,53,55,56,62,41,43,44,45,47,32,51,53,55,56,62,41,43,44,45,47,32,51,53,55,56,62,41,43,44,45,47,32,51,54,55,56,62,41,43,44,45,47,32,51,53,55,56,62,41,43,44,45,47,32,51,53,55,56,62,41,43,44,45,47,32,51,53,55,56,62,41,43,44,45,47,32,51,53,55,56,57,59,61,55,56,62,41,43,44,45,47,32,51,54,55,63,55,56,57,59,61,55,56,62,41,43,44,45,47,32,51,54,55,63,55,56,57,59,61,55,56,62,41,43,44,45,47,32,51,54,55,56,62,55,56,57,59,61,55,56,62,41,43,44,45,47,32,51,54,55,63,55,56,62,55,63,55,56,57,59,61,55,63,55,56,57,59,61,
unitest132:41,43,44,45,47,32,51,54,55,56,62,41,43,44,45,47,32,51,53,55,56,62,41,43,44,46,
unitest133:41,43,44,45,47,32,51,54,55,56,62,41,43,44,45,47,32,51,53,55,56,62,41,43,44,46,44,46,
unitest134:41,43,44,45,47,32,51,54,55,56,62,41,43,44,45,47,32,51,53,55,56,62,41,43,44,46,44,45,47,32,51,53,55,56,62,41,43,44,46,44,46,44,45,47,32,51,53,55,56,62,41,43,44,45,47,32,51,54,55,56,62,41,43,44,45,47,32,51,53,55,56,62,41,43,44,45,47,32,51,53,55,56,62,41,43,44,45,47,32,51,53,55,56,62,41,43,44,45,47,32,51,53,55,56,57,59,61,55,56,62,41,43,44,45,47,32,51,54,55,63,55,56,57,59,61,55,56,62,41,43,44,46,44,45,47,32,51,54,55,63,55,56,57,59,61,55,56,62,41,43,44,45,47,32,51,54,55,56,62,55,56,57,59,61,55,56,62,41,43,44,45,47,32,51,54,55,63,55,56,62,55,63,55,56,57,59,61,55,63,55,56,57,59,61,
unitest135:41,43,44,46,
unitest136:
unitest137:
unitest138:41,43,44,45,47,32,51,54,55,56,62,41,43,44,45,47,32,51,53,55,56,62,41,43,44,46,44,46,
unitest139:35,37,38,1,2,21,22,24,29,6,6,7,1,3,40,
unitest140:35,37,39,
unitest141:35,37,38,1,2,21,22,24,29,6,6,7,1,3,40,
unitest142:34,41,43,44,46,44,45,47,32,51,54,55,
unitest143:35,37,38,1,2,21,22,24,29,6,6,7,1,3,40,
unitest144:35,38,1,2,20,6,6,6,6,6,6,7,1,2,9,10,13,14,15,18,10,13,14,15,16,19,6,6,6,6,6,6,6,6,6,6,6,6,6,6,6,7,1,2,20,6,6,6,6,6,6,7,1,2,9,10,13,14,15,18,19,6,6,6,6,6,6,6,6,6,6,6,6,6,6,6,7,1,2,20,6,6,6,6,6,6,7,1,2,9,10,13,14,15,16,10,13,14,15,16,6,6,7,1,3,41,43,44,46,44,45,47,32,33,48,50,51,54,55,56,62,41,42,43,44,45,47,32,51,54,55,56,62,41,43,44,46,44,46,44,45,47,32,51,53,55,56,57,58,
unitest145:35,37,38,1,2,21,22,24,29,6,6,7,1,3,40,
unitest146:35,37,38,1,2,21,22,24,29,6,6,7,1,3,40,
unitest147:35,37,38,1,2,21,22,24,29,6,6,7,1,3,40,
unitest148:35,38,1,2,20,6,6,6,6,6,6,7,1,2,9,10,13,14,15,18,10,13,14,15,16,19,6,6,6,6,6,6,6,6,6,6,6,6,6,6,6,7,1,2,20,6,6,6,6,6,6,7,1,2,9,10,13,14,15,18,19,6,6,6,6,6,6,6,6,6,6,6,6,6,6,6,7,1,2,20,6,6,6,6,6,6,7,1,2,9,10,13,14,15,16,10,13,14,15,16,6,6,7,1,3,41,43,44,46,44,45,47,32,33,48,50,51,54,55,56,62,41,42,43,44,45,47,32,51,54,55,56,62,41,43,44,46,44,46,44,45,47,32,51,53,55,56,57,58,
unitest149:35,37,38,1,2,21,22,24,29,6,6,7,1,3,40,
unitest150:35,37,38,1,2,21,22,24,29,6,6,7,1,3,40,
unitest151:35,38,1,2,21,22,24,0,28,31,6,6,6,6,6,6,7,1,2,21,23,24,29,
unitest152:35,38,1,2,20,6,6,6,6,6,6,7,1,2,9,10,13,14,15,18,10,13,14,15,16,19,6,6,6,6,6,6,6,6,6,6,6,6,6,6,6,7,1,2,20,6,6,6,6,6,6,7,1,2,9,10,13,14,15,18,19,6,6,6,6,6,6,6,6,6,6,6,6,6,6,6,7,1,2,20,6,6,6,6,6,6,7,1,2,9,10,13,14,15,16,10,13,14,15,16,6,6,7,1,3,41,43,44,46,44,45,47,32,33,48,50,51,54,55,56,62,41,42,43,44,45,47,32,51,54,55,56,62,41,43,44,46,44,46,44,45,47,32,51,53,55,56,57,58,
unitest153:35,37,38,1,2,21,22,24,29,6,6,7,1,3,40,
unitest154:35,37,38,1,2,21,22,24,29,6,6,7,1,3,40,
unitest155:35,38,1,2,21,22,24,0,28,31,6,6,6,6,6,6,7,1,2,21,23,24,29,
unitest156:35,38,1,2,20,6,6,6,6,6,6,7,1,2,9,10,13,14,15,18,10,13,14,15,16,19,6,6,6,6,6,6,6,6,6,6,6,6,6,6,6,7,1,2,20,6,6,6,6,6,6,7,1,2,9,10,13,14,15,18,19,6,6,6,6,6,6,6,6,6,6,6,6,6,6,6,7,1,2,20,6,6,6,6,6,6,7,1,2,9,10,13,14,15,16,10,13,14,15,16,6,6,7,1,3,41,43,44,46,44,46,44,45,47,32,33,48,50,51,54,55,56,62,41,42,43,44,45,47,32,51,54,55,56,62,41,43,44,46,44,46,44,45,47,32,51,53,55,56,57,58,
unitest157:35,37,38,1,2,21,22,24,29,6,6,7,1,3,40,
unitest158:35,37,38,1,2,21,22,24,29,6,6,7,1,3,40,
unitest159:35,38,1,2,21,22,24,0,28,31,6,6,6,6,6,6,7,1,2,21,23,24,29,
unitest160:35,38,1,2,20,6,6,6,6,6,6,7,1,2,9,10,13,14,15,18,10,13,14,15,16,19,6,6,6,6,6,6,6,6,6,6,6,6,6,6,6,7,1,2,20,6,6,6,6,6,6,7,1,2,9,10,13,14,15,18,19,6,6,6,6,6,6,6,6,6,6,6,6,6,6,6,7,1,2,20,6,6,6,6,6,6,7,1,2,9,10,13,14,15,16,10,13,14,15,16,6,6,7,1,3,41,43,44,46,44,45,47,32,33,48,50,51,54,55,63,55,56,62,41,42,43,44,45,47,32,51,54,55,56,62,41,43,44,46,44,46,44,45,47,32,51,53,55,56,57,58,
unitest161:35,37,38,1,2,21,22,24,29,6,6,7,1,3,40,
unitest162:35,37,38,1,2,21,22,24,29,6,6,7,1,3,40,
unitest163:35,38,1,2,21,22,24,0,28,31,6,6,6,6,6,6,7,1,2,21,23,24,29,
unitest164:35,38,1,2,20,6,6,6,6,6,6,7,1,2,9,10,13,14,15,18,10,13,14,15,16,19,6,6,6,6,6,6,6,6,6,6,6,6,6,6,6,7,1,2,20,6,6,6,6,6,6,7,1,2,9,10,13,14,15,18,19,6,6,6,6,6,6,6,6,6,6,6,6,6,6,6,7,1,2,20,6,6,6,6,6,6,7,1,2,9,10,13,14,15,16,10,13,14,15,16,6,6,7,1,3,41,43,44,46,44,45,47,32,33,48,50,51,54,55,63,55,56,62,41,42,43,44,45,47,32,51,54,55,56,62,41,43,44,46,44,46,44,45,47,32,51,53,55,56,57,58,
unitest165:35,37,38,1,2,21,22,24,29,6,6,7,1,3,40,
unitest166:35,37,38,1,2,21,22,24,29,6,6,7,1,3,40,
unitest167:35,38,1,2,21,22,24,0,28,31,6,6,6,6,6,6,7,1,2,21,23,24,29,
unitest168:35,38,1,2,20,6,6,6,6,6,6,7,1,2,9,10,13,14,15,18,10,13,14,15,16,19,6,6,6,6,6,6,6,6,6,6,6,6,6,6,6,7,1,2,20,6,6,6,6,6,6,7,1,2,9,10,13,14,15,18,19,6,6,6,6,6,6,6,6,6,6,6,6,6,6,6,7,1,2,20,6,6,6,6,6,6,7,1,2,9,10,13,14,15,16,10,13,14,15,16,6,6,7,1,3,41,43,44,46,44,46,44,45,47,32,33,48,50,51,54,55,63,55,56,62,41,42,43,44,45,47,32,51,54,55,56,62,41,43,44,46,44,46,44,45,47,32,51,53,55,56,57,58,
unitest169:35,37,38,1,2,21,22,24,29,6,6,7,1,3,40,
unitest170:35,37,38,1,2,21,22,24,29,6,6,7,1,3,40,
unitest171:35,38,1,2,21,22,24,0,28,31,6,6,6,6,6,6,7,1,2,21,23,24,29,
unitest172:35,38,1,2,20,6,6,6,6,6,6,7,1,2,9,10,13,14,15,18,10,13,14,15,16,19,6,6,6,6,6,6,6,6,6,6,6,6,6,6,6,7,1,2,20,6,6,6,6,6,6,7,1,2,9,10,13,14,15,18,19,6,6,6,6,6,6,6,6,6,6,6,6,6,6,6,7,1,2,20,6,6,6,6,6,6,7,1,2,9,10,13,14,15,16,10,13,14,15,16,6,6,7,1,3,41,43,44,46,44,46,44,45,47,32,33,48,50,51,54,55,63,55,56,62,41,42,43,44,45,47,32,51,54,55,56,62,41,43,44,46,44,46,44,45,47,32,51,53,55,56,57,58,
unitest173:35,37,38,1,2,21,22,24,29,6,6,7,1,3,40,
unitest174:35,37,38,1,2,21,22,24,29,6,6,7,1,3,40,
unitest175:35,38,1,2,21,22,24,0,28,31,6,6,6,6,6,6,7,1,2,21,23,24,29,
unitest176:35,38,1,2,20,6,6,6,6,6,6,7,1,2,9,10,13,14,15,18,10,13,14,15,16,19,6,6,6,6,6,6,6,6,6,6,6,6,6,6,6,7,1,2,20,6,6,6,6,6,6,7,1,2,9,10,13,14,15,18,19,6,6,6,6,6,6,6,6,6,6,6,6,6,6,6,7,1,2,20,6,6,6,6,6,6,7,1,2,9,10,13,14,15,16,10,13,14,15,16,6,6,7,1,3,41,43,44,46,44,45,47,32,33,48,50,51,54,55,63,55,56,57,59,61,
unitest177:35,37,38,1,2,21,22,24,29,6,6,7,1,3,40,
unitest178:35,37,38,1,2,21,22,24,29,6,6,7,1,3,40,
unitest179:35,38,1,2,21,22,24,0,28,31,6,6,6,6,6,6,7,1,2,21,23,24,29,
unitest180:35,38,1,2,20,6,6,6,6,6,6,7,1,2,9,10,13,14,15,18,10,13,14,15,16,19,6,6,6,6,6,6,6,6,6,6,6,6,6,6,6,7,1,2,20,6,6,6,6,6,6,7,1,2,9,10,13,14,15,18,19,6,6,6,6,6,6,6,6,6,6,6,6,6,6,6,7,1,2,20,6,6,6,6,6,6,7,1,2,9,10,13,14,15,16,10,13,14,15,16,6,6,7,1,3,41,43,44,46,44,45,47,32,33,48,50,51,54,55,63,55,56,62,41,43,44,46,44,46,44,45,47,32,51,53,55,56,57,59,61,
unitest181:35,37,38,1,2,21,22,24,29,6,6,7,1,3,40,
unitest182:35,37,38,1,2,21,22,24,29,6,6,7,1,3,40,
unitest183:35,38,1,2,21,22,24,0,28,31,6,6,6,6,6,6,7,1,2,21,23,24,29,
unitest184:35,38,1,2,20,6,6,6,6,6,6,7,1,2,9,10,13,14,15,18,10,13,14,15,16,19,6,6,6,6,6,6,6,6,6,6,6,6,6,6,6,7,1,2,20,6,6,6,6,6,6,7,1,2,9,10,13,14,15,18,19,6,6,6,6,6,6,6,6,6,6,6,6,6,6,6,7,1,2,20,6,6,6,6,6,6,7,1,2,9,10,13,14,15,16,10,13,14,15,16,6,6,7,1,3,41,43,44,46,44,46,44,45,47,32,33,48,50,51,54,55,63,55,56,62,41,42,43,44,45,47,32,51,54,55,56,62,41,43,44,46,44,46,44,45,47,32,51,53,55,56,57,58,
unitest185:35,37,38,1,2,21,22,24,29,6,6,7,1,3,40,
unitest186:35,37,38,1,2,21,22,24,29,6,6,7,1,3,40,
unitest187:35,38,1,2,21,22,24,0,28,31,6,6,6,6,6,6,7,1,2,21,23,24,29,
unitest188:35,38,1,2,20,6,6,6,6,6,6,7,1,2,9,10,13,14,15,18,10,13,14,15,16,19,6,6,6,6,6,6,6,6,6,6,6,6,6,6,6,7,1,2,20,6,6,6,6,6,6,7,1,2,9,10,13,14,15,18,19,6,6,6,6,6,6,6,6,6,6,6,6,6,6,6,7,1,2,20,6,6,6,6,6,6,7,1,2,9,10,13,14,15,16,10,13,14,15,16,6,6,7,1,3,41,43,44,46,44,46,44,46,44,45,47,32,33,48,50,51,54,55,63,55,56,62,41,42,43,44,45,47,32,51,54,55,56,62,41,43,44,46,44,46,44,45,47,32,51,53,55,56,57,58,
unitest189:35,37,38,1,2,21,22,24,29,6,6,7,1,3,40,
unitest190:35,37,38,1,2,21,22,24,29,6,6,7,1,3,40,
unitest191:35,38,1,2,21,22,24,0,28,31,6,6,6,6,6,6,7,1,2,21,23,24,29,
unitest192:35,38,1,2,20,6,6,6,6,6,6,7,1,2,9,10,13,14,15,18,10,13,14,15,16,19,6,6,6,6,6,6,6,6,6,6,6,6,6,6,6,7,1,2,20,6,6,6,6,6,6,7,1,2,9,10,13,14,15,18,19,6,6,6,6,6,6,6,6,6,6,6,6,6,6,6,7,1,2,20,6,6,6,6,6,6,7,1,2,9,10,13,14,15,16,10,13,14,15,16,6,6,7,1,3,41,43,44,46,44,45,47,32,33,48,50,51,54,55,63,55,56,57,59,61,
unitest193:35,37,38,1,2,21,22,24,29,6,6,7,1,3,40,
unitest194:35,37,38,1,2,21,22,24,29,6,6,7,1,3,40,
unitest195:35,38,1,2,21,22,24,0,28,31,6,6,6,6,6,6,7,1,2,21,23,24,29,
unitest196:35,38,1,2,20,6,6,6,6,6,6,7,1,2,9,10,13,14,15,18,10,13,14,15,16,19,6,6,6,6,6,6,6,6,6,6,6,6,6,6,6,7,1,2,20,6,6,6,6,6,6,7,1,2,9,10,13,14,15,18,19,6,6,6,6,6,6,6,6,6,6,6,6,6,6,6,7,1,2,20,6,6,6,6,6,6,7,1,2,9,10,13,14,15,16,10,13,14,15,16,6,6,7,1,3,41,43,44,46,44,45,47,32,33,48,50,51,54,55,63,55,56,57,59,61,
unitest197:35,37,38,1,2,21,22,24,29,6,6,7,1,3,40,
unitest198:35,37,38,1,2,21,22,24,29,6,6,7,1,3,40,
unitest199:35,38,1,2,21,22,24,0,28,31,6,6,6,6,6,6,7,1,2,21,23,24,29,
unitest200:35,38,1,2,20,6,6,6,6,6,6,7,1,2,9,10,13,14,15,18,10,13,14,15,16,19,6,6,6,6,6,6,6,6,6,6,6,6,6,6,6,7,1,2,20,6,6,6,6,6,6,7,1,2,9,10,13,14,15,18,19,6,6,6,6,6,6,6,6,6,6,6,6,6,6,6,7,1,2,20,6,6,6,6,6,6,7,1,2,9,10,13,14,15,16,10,13,14,15,16,6,6,7,1,3,41,43,44,46,44,46,44,46,44,46,44,45,47,32,33,48,50,51,54,55,63,55,56,57,59,61,
unitest201:35,37,38,1,2,21,22,24,29,6,6,7,1,3,40,
unitest202:35,37,38,1,2,21,22,24,29,6,6,7,1,3,40,
unitest203:35,38,1,2,21,22,24,0,28,31,6,6,6,6,6,6,7,1,2,21,23,24,29,
unitest204:35,38,1,2,20,6,6,6,6,6,6,7,1,2,9,10,13,14,15,18,10,13,14,15,16,19,6,6,6,6,6,6,6,6,6,6,6,6,6,6,6,7,1,2,20,6,6,6,6,6,6,7,1,2,9,10,13,14,15,18,19,6,6,6,6,6,6,6,6,6,6,6,6,6,6,6,7,1,2,20,6,6,6,6,6,6,7,1,2,9,10,13,14,15,16,10,13,14,15,16,6,6,7,1,3,41,43,44,46,44,46,44,46,44,46,44,45,47,32,33,48,50,51,54,55,63,55,56,57,59,61,
unitest205:35,37,38,1,2,21,22,24,29,6,6,7,1,3,40,
unitest206:35,37,38,1,2,21,22,24,29,6,6,7,1,3,40,
unitest207:35,38,1,2,21,22,24,0,28,31,6,6,6,6,6,6,7,1,2,21,23,24,29,
unitest208:
unitest209:41,43,44,45,47,32,51,54,55,56,62,41,43,44,45,47,32,51,53,55,56,62,41,43,44,46,44,45,47,32,51,53,55,56,62,41,43,44,46,44,46,44,45,47,32,51,53,55,56,62,41,43,44,45,47,32,51,54,55,56,62,41,43,44,45,47,32,51,53,55,56,62,41,43,44,45,47,32,51,53,55,56,62,41,43,44,45,47,32,51,53,55,56,62,41,43,44,45,47,32,51,53,55,56,57,59,61,55,56,62,41,43,44,45,47,32,51,54,55,63,55,56,57,59,61,55,56,62,41,43,44,46,44,45,47,32,51,54,55,63,55,56,57,59,61,55,56,62,41,43,44,45,47,32,51,54,55,56,62,55,56,57,59,61,55,56,62,41,43,44,45,47,32,51,54,55,63,55,56,62,55,63,55,56,57,59,61,55,63,55,56,57,59,61,
unitest210:41,43,44,45,47,32,51,54,55,56,62,41,43,44,45,47,32,51,53,55,56,62,41,43,44,46,44,45,47,32,51,53,55,56,62,41,43,44,46,44,46,44,45,47,32,51,53,55,56,62,41,43,44,45,47,32,51,54,55,56,62,41,43,44,45,47,32,51,53,55,56,62,41,43,44,45,47,32,51,53,55,56,62,41,43,44,45,47,32,51,53,55,56,62,41,43,44,45,47,32,51,53,55,56,57,59,61,55,56,62,41,43,44,45,47,32,51,54,55,63,55,56,57,59,61,55,56,62,41,43,44,46,44,45,47,32,51,54,55,63,55,56,57,59,61,55,56,62,41,43,44,45,47,32,51,54,55,56,62,55,56,57,59,61,55,56,62,41,43,44,45,47,32,51,54,55,63,55,56,62,55,63,55,56,57,59,61,55,63,55,56,57,59,61,
unitest211:41,43,44,45,47,32,51,54,55,56,62,41,43,44,45,47,32,51,53,55,56,62,41,43,44,46,44,45,47,32,51,53,55,56,62,41,43,44,46,44,46,44,45,47,32,51,53,55,56,62,41,43,44,45,47,32,51,54,55,56,62,41,43,44,45,47,32,51,53,55,56,62,41,43,44,45,47,32,51,53,55,56,62,41,43,44,45,47,32,51,53,55,56,62,41,43,44,45,47,32,51,53,55,56,57,59,61,55,56,62,41,43,44,45,47,32,51,54,55,63,55,56,57,59,61,55,56,62,41,43,44,46,44,45,47,32,51,54,55,63,55,56,57,59,61,55,56,62,41,43,44,45,47,32,51,54,55,56,62,55,56,57,59,61,55,56,62,41,43,44,45,47,32,51,54,55,63,55,56,62,55,63,55,56,57,59,61,55,63,55,56,57,59,61,
unitest212:41,43,44,45,47,32,51,54,55,56,62,41,43,44,45,47,32,51,53,55,56,62,41,43,44,46,44,45,47,32,51,53,55,56,62,41,43,44,46,44,46,44,45,47,32,51,53,55,56,62,41,43,44,45,47,32,51,54,55,56,62,41,43,44,45,47,32,51,53,55,56,62,41,43,44,45,47,32,51,53,55,56,62,41,43,44,45,47,32,51,53,55,56,62,41,43,44,45,47,32,51,53,55,56,57,59,61,55,56,62,41,43,44,45,47,32,51,54,55,63,55,56,57,59,61,55,56,62,41,43,44,46,44,45,47,32,51,54,55,63,55,56,57,59,61,55,56,62,41,43,44,45,47,32,51,54,55,56,62,55,56,57,59,61,55,56,62,41,43,44,45,47,32,51,54,55,63,55,56,62,55,63,55,56,57,59,61,55,63,55,56,57,59,61,
unitest213:41,43,44,45,47,32,51,54,55,56,62,41,43,44,45,47,32,51,53,55,56,62,41,43,44,46,44,45,47,32,51,53,55,56,62,41,43,44,46,44,46,44,45,47,32,51,53,55,56,62,41,43,44,45,47,32,51,54,55,56,62,41,43,44,45,47,32,51,53,55,56,62,41,43,44,45,47,32,51,53,55,56,62,41,43,44,45,47,32,51,53,55,56,62,41,43,44,45,47,32,51,53,55,56,57,59,61,55,56,62,41,43,44,45,47,32,51,54,55,63,55,56,57,59,61,55,56,62,41,43,44,46,44,45,47,32,51,54,55,63,55,56,57,59,61,55,56,62,41,43,44,45,47,32,51,54,55,56,62,55,56,57,59,61,55,56,62,41,43,44,45,47,32,51,54,55,63,55,56,62,55,63,55,56,57,59,61,55,63,55,56,57,59,61,